1 -1000
1,734769285
1,62626454
1,528301368
1,416559156
1,353839665
1,239899086
1,188860087
1,111879478
1,073210428
1,047368276
1,047368276
1,034428911
1,008514502
1,008514502
1,008514502
1,034428911
1,034428911
1,073210428
1,1375939
1,21440877
1,265329434
1,278021612
1,278021612
1,303358948
1,391523749
1,391523749
1,341244261
1,316003688
1,316003688
1,328632197
1,391523749
1,453976793
1,528301368
1,51596281
1,416559156
1,316003688
1,290698186
1,328632197
1,404050333
1,441522615
1,429049993
1,429049993
1,466412294
1,466412294
1,503604382
1,478828884
1,441522615
1,429049993
1,478828884
1,466412294
1,478828884
1,51596281
1,503604382
1,552917889
1,540619811
1,528301368
1,565195354
1,51596281
1,429049993
1,378979629
1,466412294
1,528301368
1,674722399
1,782364214
1,88790837
1,876291905
1,864647014
1,876291905
1,88790837
1,852974027
1,746705777
1,62626454
1,577451952
1,503604382
1,404050333
1,328632197
1,265329434
1,21440877
1,176064351
1,124743308
1,060295509
1,021477593
0,982553707
0,930498558
0,930498558
0,904406961
0,852102483
0,865193346
0,891345751
0,891345751
0,891345751
0,891345751
0,904406961
0,917457953
0,943528607
0,995539815
0,995539815
1,008514502
1,021477593
1,086112852
1,099002597
1,1375939
1,252621857
1,404050333
1,466412294
1,404050333
1,366418194
1,353839665
1,391523749
1,441522615
1,552917889
1,601901525
1,62626454
1,650538882
1,650538882
1,674722399
1,686779412
1,686779412
1,674722399
1,66264213
1,66264213
1,589687428
1,589687428
1,589687428
1,577451952
1,552917889
1,540619811
1,503604382
1,51596281
1,51596281
1,552917889
1,540619811
1,565195354
1,589687428
1,601901525
1,62626454
1,614093984
1,540619811
1,51596281
1,441522615
1,404050333
1,503604382
1,540619811
1,441522615
1,416559156
1,404050333
1,404050333
1,453976793
1,503604382
1,404050333
1,366418194
1,303358948
1,290698186
1,227161324
1,163254613
1,1375939
1,099002597
1,111879478
1,188860087
1,239899086
1,265329434
1,316003688
1,278021612
1,188860087
1,124743308
1,1375939
1,1375939
1,099002597
1,073210428
1,060295509
0,995539815
0,995539815
1,021477593
1,008514502
1,060295509
1,086112852
1,047368276
0,943528607
0,87827449
0,799645122
0,812773223
0,891345751
0,95654793
0,969556354
0,982553707
0,995539815
1,086112852
1,073210428
1,047368276
1,034428911
1,047368276
1,086112852
1,111879478
1,150431065
1,176064351
1,176064351
1,163254613
1,21440877
1,21440877
1,239899086
1,201641626
1,1375939
1,073210428
1,060295509
1,021477593
0,930498558
0,865193346
0,760208027
0,667900454
0,628226858
0,56196844
0,34899878
0,375685771
0,429009059
0,429009059
0,495556424
0,535421036
0,548697736
0,601743105
0,654683061
0,707507972
0,773362364
0,812773223
0,852102483
0,904406961
0,95654793
1,008514502
1,034428911
1,060295509
1,099002597
1,1375939
1,150431065
1,150431065
1,1375939
1,188860087
1,265329434
1,316003688
1,378979629
1,378979629
1,478828884
1,674722399
1,698812891
1,686779412
1,66264213
1,674722399
1,66264213
1,674722399
1,686779412
1,746705777
1,782364214
1,817789757
1,852974027
1,817789757
1,794199014
1,829545076
1,817789757
1,758617294
1,686779412
1,650538882
1,650538882
1,674722399
1,698812891
1,686779412
1,674722399
1,66264213
1,62626454
1,589687428
1,565195354
1,565195354
1,577451952
1,589687428
1,614093984
1,614093984
1,601901525
1,589687428
1,565195354
1,577451952
1,589687428
1,577451952
1,577451952
1,577451952
1,614093984
1,674722399
1,698812891
1,650538882
1,565195354
1,429049993
1,589687428
1,601901525
1,429049993
1,239899086
1,188860087
1,239899086
1,239899086
1,303358948
1,378979629
1,429049993
1,478828884
1,466412294
1,404050333
1,328632197
1,404050333
1,453976793
1,528301368
1,565195354
1,577451952
1,638412929
1,746705777
1,852974027
1,794199014
1,746705777
1,62626454
1,552917889
1,478828884
1,366418194
1,201641626
1,239899086
1,111879478
1,008514502
0,95654793
0,982553707
1,047368276
1,034428911
1,099002597
1,239899086
1,21440877
1,252621857
1,441522615
1,540619811
1,650538882
1,674722399
1,698812891
1,734769285
1,686779412
1,62626454
1,66264213
1,698812891
1,722808114
1,746705777
1,734769285
1,758617294
1,841273274
1,817789757
1,746705777
1,674722399
1,62626454
1,453976793
1,265329434
1,150431065
1,060295509
0,747045262
0,720695078
0,720695078
0,773362364
0,825892258
0,865193346
0,825892258
0,812773223
0,786508115
0,773362364
0,760208027
0,812773223
0,87827449
0,839002065
0,865193346
0,799645122
0,799645122
0,773362364
0,773362364
0,773362364
0,786508115
0,799645122
0,852102483
0,917457953
1,021477593
1,099002597
1,150431065
1,188860087
1,227161324
1,265329434
1,303358948
1,353839665
1,416559156
1,453976793
1,491226326
1,51596281
1,565195354
1,650538882
1,674722399
1,722808114
1,758617294
1,758617294
1,782364214
1,794199014
1,734769285
1,698812891
1,638412929
1,62626454
1,614093984
1,565195354
1,528301368
1,51596281
1,565195354
1,441522615
1,239899086
1,047368276
0,995539815
0,982553707
0,982553707
0,995539815
0,982553707
1,047368276
1,176064351
1,21440877
1,290698186
1,328632197
1,316003688
1,278021612
1,188860087
1,1375939
1,1375939
1,163254613
1,188860087
1,252621857
1,303358948
1,328632197
1,366418194
1,378979629
1,416559156
1,466412294
1,540619811
1,552917889
1,51596281
1,565195354
1,650538882
1,66264213
1,674722399
1,698812891
1,734769285
1,829545076
1,876291905
1,899496073
1,922583833
1,979775686
2,01371464
2,069619995
2,113722131
2,157242383
2,189483862
2,221369861
2,210781477
2,189483862
2,189483862
2,210781477
2,189483862
2,189483862
2,273688013
2,324919813
2,34509344
2,365078023
2,423850424
2,461998082
2,517563025
2,544558647
2,480746117
2,39469025
2,324919813
2,252887498
2,178775578
2,102750082
2,047359123
1,922583833
1,841273274
1,806007631
1,88790837
1,88790837
1,864647014
1,829545076
1,77050354
1,758617294
1,746705777
1,734769285
1,746705777
1,734769285
1,710822553
1,698812891
1,734769285
1,758617294
1,794199014
1,852974027
1,911054675
1,956991156
1,945552427
1,956991156
1,968399031
2,002433865
2,058506702
2,102750082
2,091742097
2,135556716
2,273688013
2,365078023
2,38486892
2,39469025
2,423850424
2,443031066
2,490036301
2,490036301
2,443031066
2,39469025
2,374997977
2,38486892
2,355109649
2,355109649
2,335029972
2,314763525
2,304561659
2,324919813
2,374997977
2,423850424
2,535620365
2,596873569
2,630437604
2,686454942
2,724193421
2,745864254
2,786874548
2,842050596
2,853192915
2,879126306
2,897785402
2,830487728
2,759887678
2,678673818
2,686454942
2,701786892
2,678673818
2,605365995
2,544558647
2,471399813
2,365078023
2,304561659
2,263309217
2,242423365
2,210781477
2,189483862
2,23191732
2,242423365
2,23191732
2,252887498
2,284023369
2,304561659
2,34509344
2,414181625
2,613791394
2,731500258
2,780263409
2,806147708
2,836320973
2,812380915
2,731500258
2,571002654
2,39469025
2,355109649
2,314763525
2,242423365
2,284023369
2,335029972
2,252887498
2,273688013
2,335029972
2,43346712
2,423850424
2,414181625
2,490036301
2,544558647
2,544558647
2,562250581
2,553435647
2,588314975
2,622148893
2,646805043
2,622148893
2,605365995
2,588314975
2,553435647
2,461998082
2,517563025
2,508445475
2,517563025
2,571002654
2,630437604
2,646805043
2,654881925
2,646805043
2,630437604
2,613791394
2,588314975
2,526621571
2,423850424
2,304561659
2,221369861
2,168028266
2,069619995
2,024962699
2,01371464
1,956991156
1,88790837
1,829545076
1,782364214
1,746705777
1,710822553
1,686779412
1,698812891
1,817789757
1,956991156
1,991120754
2,024962699
2,102750082
2,178775578
2,242423365
2,304561659
2,324919813
2,365078023
2,404461358
2,43346712
2,423850424
2,423850424
2,443031066
2,461998082
2,499269658
2,508445475
2,443031066
2,39469025
2,335029972
2,324919813
2,314763525
2,314763525
2,34509344
2,39469025
2,414181625
2,423850424
2,443031066
2,443031066
2,452541608
2,490036301
2,526621571
2,562250581
2,622148893
2,670817281
2,701786892
2,773561048
2,780263409
2,812380915
2,786874548
2,812380915
2,759887678
2,654881925
2,43346712
2,304561659
2,252887498
2,200152652
2,221369861
2,242423365
2,23191732
2,200152652
2,200152652
2,221369861
2,252887498
2,273688013
2,335029972
2,374997977
2,39469025
2,414181625
2,443031066
2,526621571
2,622148893
2,694159642
2,716804852
2,70933565
2,662886324
2,544558647
2,490036301
2,423850424
2,423850424
2,38486892
2,324919813
2,294314761
2,178775578
2,113722131
2,01371464
1,956991156
1,945552427
1,956991156
2,01371464
2,091742097
2,091742097
2,080698597
2,091742097
2,135556716
2,178775578
2,210781477
2,263309217
2,355109649
2,38486892
2,284023369
2,091742097
1,956991156
1,911054675
1,922583833
1,934083201
1,979775686
1,968399031
1,956991156
1,945552427
1,88790837
1,806007631
1,710822553
1,650538882
1,66264213
1,746705777
1,758617294
1,758617294
1,734769285
1,698812891
1,650538882
1,601901525
1,540619811
1,540619811
1,503604382
1,453976793
1,441522615
1,441522615
1,466412294
1,491226326
1,552917889
1,601901525
1,650538882
1,710822553
1,746705777
1,734769285
1,698812891
1,66264213
1,62626454
1,589687428
1,552917889
1,51596281
1,478828884
1,51596281
1,565195354
1,601901525
1,540619811
1,478828884
1,416559156
1,341244261
1,265329434
1,176064351
1,188860087
1,188860087
1,188860087
1,227161324
1,252621857
1,290698186
1,278021612
1,265329434
1,252621857
1,227161324
1,201641626
1,188860087
1,227161324
1,265329434
1,303358948
1,278021612
1,265329434
1,239899086
1,227161324
1,21440877
1,188860087
1,150431065
1,111879478
1,060295509
1,086112852
1,111879478
1,124743308
1,252621857
1,378979629
1,503604382
1,51596281
1,51596281
1,528301368
1,491226326
1,441522615
1,404050333
1,478828884
1,552917889
1,62626454
1,601901525
1,577451952
1,540619811
1,478828884
1,429049993
1,366418194
1,303358948
1,239899086
1,176064351
1,239899086
1,303358948
1,378979629
1,441522615
1,503604382
1,565195354
1,614093984
1,650538882
1,686779412
1,698812891
1,698812891
1,710822553
1,674722399
1,650538882
1,614093984
1,589687428
1,565195354
1,540619811
1,491226326
1,441522615
1,391523749
1,252621857
1,099002597
0,95654793
0,930498558
0,917457953
0,891345751
1,1375939
1,378979629
1,601901525
1,577451952
1,552917889
1,528301368
1,577451952
1,638412929
1,686779412
1,782364214
1,876291905
1,956991156
1,864647014
1,77050354
1,66264213
1,650538882
1,638412929
1,62626454
1,710822553
1,806007631
1,88790837
2,047359123
2,200152652
2,34509344
2,443031066
2,535620365
2,622148893
2,654881925
2,694159642
2,724193421
2,724193421
2,716804852
2,70933565
2,701786892
2,701786892
2,694159642
2,70933565
2,731500258
2,745864254
2,738724247
2,738724247
2,738724247
2,694159642
2,646805043
2,605365995
2,588314975
2,562250581
2,544558647
2,588314975
2,630437604
2,678673818
2,731500258
2,780263409
2,830487728
2,853192915
2,874165857
2,897785402
2,853192915
2,806147708
2,745864254
2,766768725
2,786874548
2,806147708
2,766768725
2,731500258
2,694159642
2,662886324
2,630437604
2,596873569
2,605365995
2,622148893
2,638656626
2,731500258
2,812380915
2,879126306
2,883970253
2,888695947
2,893301603
2,902145488
2,910486919
2,914464367
2,925599437
2,93004981
2,906789594
2,890837033
2,87451486
2,857811379
2,922383754
2,90637997
2,869090623
2,806147708
2,731500258
2,646805043
2,605365995
2,553435647
2,499269658
2,535620365
2,562250581
2,588314975
2,588314975
2,588314975
2,588314975
2,588314975
2,596873569
2,596873569
2,596873569
2,588314975
2,588314975
2,596873569
2,596873569
2,596873569
2,526621571
2,452541608
2,365078023
2,294314761
2,210781477
2,135556716
2,168028266
2,200152652
2,23191732
2,335029972
2,423850424
2,508445475
2,571002654
2,630437604
2,686454942
2,646805043
2,605365995
2,571002654
2,562250581
2,562250581
2,562250581
2,562250581
2,553435647
2,553435647
2,544558647
2,535620365
2,526621571
2,535620365
2,553435647
2,571002654
2,571002654
2,579691059
2,579691059
2,588314975
2,588314975
2,588314975
2,605365995
2,613791394
2,630437604
2,605365995
2,579691059
2,553435647
2,596873569
2,638656626
2,678673818
2,745864254
2,806147708
2,858602514
2,818516259
2,780263409
2,731500258
2,630437604
2,526621571
2,404461358
2,38486892
2,355109649
2,335029972
2,39469025
2,452541608
2,508445475
2,404461358
2,294314761
2,178775578
2,157242383
2,146418384
2,124657819
2,157242383
2,189483862
2,23191732
2,242423365
2,263309217
2,284023369
2,242423365
2,200152652
2,157242383
2,102750082
2,047359123
2,002433865
1,968399031
1,934083201
1,911054675
1,841273274
1,77050354
1,710822553
1,710822553
1,698812891
1,698812891
1,674722399
1,66264213
1,638412929
1,66264213
1,698812891
1,722808114
1,698812891
1,674722399
1,66264213
1,638412929
1,614093984
1,589687428
1,552917889
1,528301368
1,491226326
1,478828884
1,466412294
1,441522615
1,453976793
1,466412294
1,478828884
1,503604382
1,540619811
1,565195354
1,577451952
1,589687428
1,601901525
1,614093984
1,62626454
1,650538882
1,62626454
1,614093984
1,589687428
1,565195354
1,528301368
1,491226326
1,453976793
1,416559156
1,378979629
1,404050333
1,416559156
1,441522615
1,503604382
1,565195354
1,62626454
1,686779412
1,746705777
1,806007631
1,852974027
1,88790837
1,922583833
1,899496073
1,876291905
1,852974027
1,841273274
1,841273274
1,829545076
1,77050354
1,722808114
1,66264213
1,601901525
1,528301368
1,453976793
1,441522615
1,429049993
1,416559156
1,391523749
1,366418194
1,328632197
1,341244261
1,366418194
1,378979629
1,328632197
1,278021612
1,227161324
1,252621857
1,278021612
1,303358948
1,316003688
1,341244261
1,353839665
1,429049993
1,491226326
1,565195354
1,51596281
1,453976793
1,391523749
1,416559156
1,441522615
1,466412294
1,62626454
1,77050354
1,911054675
1,968399031
2,024962699
2,069619995
2,113722131
2,146418384
2,189483862
2,242423365
2,304561659
2,355109649
2,39469025
2,43346712
2,461998082
2,374997977
2,284023369
2,189483862
2,080698597
1,956991156
1,829545076
1,852974027
1,88790837
1,911054675
1,945552427
1,979775686
2,024962699
2,002433865
1,991120754
1,979775686
1,979775686
1,979775686
1,979775686
2,036177657
2,091742097
2,146418384
2,178775578
2,210781477
2,242423365
2,189483862
2,135556716
2,080698597
1,968399031
1,841273274
1,722808114
1,698812891
1,66264213
1,638412929
1,722808114
1,806007631
1,876291905
1,934083201
1,991120754
2,036177657
2,113722131
2,189483862
2,263309217
2,304561659
2,34509344
2,374997977
2,423850424
2,461998082
2,508445475
2,335029972
2,157242383
1,956991156
1,817789757
1,66264213
1,503604382
1,577451952
1,638412929
1,698812891
1,710822553
1,722808114
1,722808114
1,734769285
1,746705777
1,758617294
1,746705777
1,746705777
1,734769285
1,734769285
1,734769285
1,734769285
1,722808114
1,710822553
1,686779412
1,698812891
1,698812891
1,698812891
1,66264213
1,62626454
1,589687428
1,601901525
1,614093984
1,62626454
1,638412929
1,66264213
1,686779412
1,758617294
1,841273274
1,911054675
1,922583833
1,922583833
1,922583833
1,911054675
1,88790837
1,876291905
1,876291905
1,876291905
1,876291905
1,817789757
1,77050354
1,710822553
1,698812891
1,674722399
1,650538882
1,638412929
1,62626454
1,614093984
1,638412929
1,66264213
1,674722399
1,686779412
1,686779412
1,686779412
1,698812891
1,710822553
1,710822553
1,710822553
1,698812891
1,686779412
1,698812891
1,710822553
1,722808114
1,710822553
1,698812891
1,698812891
1,710822553
1,734769285
1,758617294
1,77050354
1,782364214
1,794199014
1,829545076
1,852974027
1,88790837
1,88790837
1,88790837
1,88790837
1,88790837
1,876291905
1,864647014
1,829545076
1,794199014
1,746705777
1,758617294
1,758617294
1,758617294
1,758617294
1,758617294
1,758617294
1,77050354
1,77050354
1,782364214
1,806007631
1,817789757
1,841273274
1,876291905
1,899496073
1,934083201
1,945552427
1,956991156
1,956991156
1,991120754
2,024962699
2,047359123
2,058506702
2,058506702
2,069619995
2,047359123
2,036177657
2,024962699
2,024962699
2,01371464
2,01371464
2,036177657
2,058506702
2,080698597
2,091742097
2,102750082
2,113722131
2,091742097
2,080698597
2,058506702
2,047359123
2,047359123
2,047359123
2,102750082
2,157242383
2,210781477
2,242423365
2,263309217
2,294314761
2,314763525
2,335029972
2,355109649
2,324919813
2,284023369
2,242423365
2,189483862
2,146418384
2,091742097
2,080698597
2,080698597
2,080698597
2,157242383
2,23191732
2,304561659
2,38486892
2,471399813
2,553435647
2,613791394
2,662886324
2,716804852
2,745864254
2,773561048
2,799818014
2,738724247
2,670817281
2,596873569
2,43346712
2,242423365
2,047359123
1,991120754
1,934083201
1,88790837
1,864647014
1,829545076
1,806007631
1,77050354
1,722808114
1,674722399
1,66264213
1,638412929
1,614093984
1,674722399
1,734769285
1,794199014
1,864647014
1,934083201
1,991120754
2,091742097
2,178775578
2,273688013
2,113722131
1,934083201
1,758617294
1,62626454
1,478828884
1,341244261
1,429049993
1,51596281
1,589687428
1,698812891
1,806007631
1,899496073
1,841273274
1,77050354
1,698812891
1,686779412
1,686779412
1,674722399
1,686779412
1,698812891
1,698812891
1,66264213
1,614093984
1,577451952
1,540619811
1,503604382
1,466412294
1,441522615
1,416559156
1,404050333
1,404050333
1,404050333
1,404050333
1,429049993
1,453976793
1,478828884
1,491226326
1,491226326
1,51596281
1,552917889
1,577451952
1,601901525
1,62626454
1,66264213
1,686779412
1,686779412
1,674722399
1,710822553
1,710822553
1,722808114
1,710822553
1,722808114
1,722808114
1,710822553
1,722808114
1,746705777
1,758617294
1,864647014
2,002433865
2,146418384
2,221369861
2,273688013
2,284023369
2,284023369
2,304561659
2,34509344
2,39469025
2,414181625
2,443031066
2,471399813
2,508445475
2,544558647
2,562250581
2,526621571
2,508445475
2,43346712
2,39469025
2,355109649
2,324919813
2,294314761
2,284023369
2,294314761
2,284023369
2,284023369
2,335029972
2,294314761
2,263309217
2,252887498
2,263309217
2,324919813
2,355109649
2,39469025
2,471399813
2,553435647
2,613791394
2,646805043
2,622148893
2,535620365
2,43346712
2,365078023
2,304561659
2,294314761
2,263309217
2,273688013
2,324919813
2,34509344
2,365078023
2,355109649
2,365078023
2,355109649
2,38486892
2,39469025
2,404461358
2,423850424
2,43346712
2,461998082
2,499269658
2,508445475
2,526621571
2,553435647
2,508445475
2,43346712
2,38486892
2,324919813
2,324919813
2,335029972
2,355109649
2,355109649
2,365078023
2,365078023
2,374997977
2,374997977
2,355109649
2,335029972
2,355109649
2,314763525
2,335029972
2,374997977
2,43346712
2,461998082
2,508445475
2,544558647
2,622148893
2,70933565
2,646805043
2,490036301
2,273688013
2,189483862
2,024962699
1,899496073
1,864647014
1,852974027
1,911054675
2,002433865
2,221369861
2,452541608
2,622148893
2,752919122
2,836320973
2,918310308
2,890837033
2,882722867
2,857811379
2,77758668
2,814303004
2,729112948
2,73904733
2,840714382
2,879126306
2,670817281
2,471399813
2,304561659
2,221369861
2,069619995
2,002433865
1,934083201
1,945552427
2,069619995
2,252887498
2,404461358
2,605365995
2,678673818
2,799818014
2,824552339
2,879126306
2,866211533
2,857811379
2,866211533
2,814303004
2,786931937
2,7190546
2,866211533
2,853192915
2,678673818
2,508445475
2,273688013
2,058506702
1,829545076
1,734769285
1,722808114
1,806007631
1,911054675
2,036177657
2,102750082
2,135556716
2,124657819
2,102750082
2,091742097
2,069619995
2,058506702
2,058506702
2,024962699
2,047359123
2,102750082
2,210781477
2,221369861
2,091742097
1,945552427
1,746705777
1,552917889
1,453976793
1,21440877
1,111879478
1,099002597
1,150431065
1,252621857
1,404050333
1,503604382
1,491226326
1,491226326
1,491226326
1,589687428
1,710822553
1,864647014
2,002433865
2,080698597
2,23191732
2,304561659
2,335029972
2,314763525
2,124657819
1,934083201
1,758617294
1,62626454
1,540619811
1,453976793
1,404050333
1,366418194
1,366418194
1,478828884
1,638412929
1,734769285
1,794199014
1,77050354
1,758617294
1,734769285
1,734769285
1,817789757
1,864647014
1,852974027
1,899496073
1,934083201
1,968399031
1,956991156
1,841273274
1,722808114
1,577451952
1,441522615
1,316003688
1,239899086
1,188860087
1,1375939
1,176064351
1,290698186
1,466412294
1,565195354
1,650538882
1,722808114
1,794199014
1,852974027
1,934083201
2,01371464
2,058506702
2,058506702
2,047359123
2,058506702
2,058506702
2,058506702
2,047359123
1,991120754
1,922583833
1,794199014
1,698812891
1,552917889
1,441522615
1,378979629
1,366418194
1,453976793
1,577451952
1,66264213
1,77050354
1,817789757
1,852974027
1,864647014
1,829545076
1,829545076
1,794199014
1,77050354
1,674722399
1,62626454
1,650538882
1,674722399
1,710822553
1,698812891
1,686779412
1,650538882
1,565195354
1,540619811
1,491226326
1,478828884
1,51596281
1,614093984
1,829545076
1,979775686
2,058506702
2,080698597
2,124657819
2,146418384
2,189483862
2,200152652
2,178775578
2,178775578
2,189483862
2,221369861
2,263309217
2,210781477
2,047359123
1,864647014
1,686779412
1,589687428
1,503604382
1,429049993
1,429049993
1,378979629
1,453976793
1,503604382
1,734769285
1,841273274
1,945552427
2,01371464
2,036177657
2,102750082
2,146418384
2,189483862
2,221369861
2,263309217
2,284023369
2,335029972
2,365078023
2,273688013
2,178775578
2,058506702
1,968399031
1,911054675
1,817789757
1,722808114
1,710822553
1,698812891
1,710822553
1,77050354
1,945552427
2,047359123
2,102750082
2,124657819
2,168028266
2,210781477
2,273688013
2,324919813
2,374997977
2,423850424
2,452541608
2,508445475
2,526621571
2,508445475
2,335029972
2,124657819
1,956991156
1,841273274
1,698812891
1,650538882
1,66264213
1,614093984
1,62626454
1,686779412
1,864647014
2,01371464
2,252887498
2,168028266
2,168028266
2,284023369
2,452541608
2,508445475
2,553435647
2,596873569
2,613791394
2,613791394
2,526621571
2,526621571
2,314763525
2,091742097
1,899496073
1,77050354
1,674722399
1,650538882
1,614093984
1,62626454
1,806007631
1,922583833
2,102750082
2,242423365
2,365078023
2,461998082
2,596873569
2,646805043
2,646805043
2,596873569
2,38486892
2,324919813
2,284023369
2,221369861
2,157242383
2,080698597
1,991120754
1,945552427
1,899496073
1,782364214
1,650538882
1,577451952
1,466412294
1,391523749
1,466412294
1,528301368
1,674722399
1,758617294
1,876291905
1,829545076
1,829545076
1,806007631
1,794199014
1,794199014
1,782364214
1,746705777
1,734769285
1,722808114
1,686779412
1,650538882
1,614093984
1,528301368
1,466412294
1,391523749
1,353839665
1,278021612
1,227161324
1,163254613
1,176064351
1,163254613
1,124743308
1,099002597
1,111879478
1,1375939
1,163254613
1,201641626
1,265329434
1,290698186
1,303358948
1,316003688
1,328632197
1,316003688
1,290698186
1,278021612
1,227161324
1,201641626
1,111879478
1,008514502
0,904406961
0,839002065
0,839002065
0,930498558
0,995539815
1,073210428
1,124743308
1,099002597
1,099002597
1,111879478
1,111879478
1,124743308
1,1375939
1,111879478
1,163254613
1,201641626
1,227161324
1,265329434
1,265329434
1,265329434
1,150431065
0,969556354
0,87827449
0,812773223
0,681110506
0,588491273
0,61498835
0,628226858
0,654683061
0,773362364
0,930498558
1,008514502
1,073210428
1,111879478
1,201641626
1,265329434
1,341244261
1,378979629
1,466412294
1,540619811
1,589687428
1,650538882
1,746705777
1,650538882
1,552917889
1,528301368
1,503604382
1,552917889
1,674722399
1,66264213
1,650538882
1,686779412
1,817789757
1,945552427
2,024962699
2,069619995
2,080698597
2,091742097
2,113722131
2,178775578
2,252887498
2,324919813
2,414181625
2,43346712
2,471399813
2,480746117
2,517563025
2,374997977
2,157242383
1,956991156
1,806007631
1,614093984
1,453976793
1,353839665
1,303358948
1,21440877
1,201641626
1,353839665
1,441522615
1,540619811
1,540619811
1,601901525
1,62626454
1,62626454
1,638412929
1,650538882
1,674722399
1,66264213
1,722808114
1,758617294
1,746705777
1,710822553
1,650538882
1,552917889
1,466412294
1,353839665
1,316003688
1,328632197
1,316003688
1,366418194
1,404050333
1,429049993
1,503604382
1,552917889
1,601901525
1,66264213
1,698812891
1,710822553
1,722808114
1,746705777
1,758617294
1,782364214
1,829545076
1,841273274
1,841273274
1,794199014
1,674722399
1,528301368
1,416559156
1,303358948
1,188860087
1,111879478
1,124743308
1,060295509
1,1375939
1,290698186
1,404050333
1,491226326
1,650538882
1,746705777
1,758617294
1,746705777
1,722808114
1,674722399
1,62626454
1,601901525
1,614093984
1,601901525
1,589687428
1,589687428
1,62626454
1,589687428
1,577451952
1,540619811
1,491226326
1,503604382
1,51596281
1,565195354
1,589687428
1,638412929
1,650538882
1,66264213
1,650538882
1,638412929
1,601901525
1,614093984
1,614093984
1,62626454
1,638412929
1,638412929
1,638412929
1,650538882
1,589687428
1,503604382
1,404050333
1,239899086
1,1375939
1,008514502
0,786508115
0,641458479
0,548697736
0,535421036
0,508850234
0,694313063
0,825892258
0,982553707
1,111879478
1,239899086
1,328632197
1,391523749
1,478828884
1,528301368
1,601901525
1,650538882
1,674722399
1,722808114
1,734769285
1,650538882
1,552917889
1,429049993
1,278021612
1,111879478
1,086112852
1,124743308
1,034428911
1,111879478
1,188860087
1,252621857
1,366418194
1,429049993
1,466412294
1,466412294
1,491226326
1,51596281
1,540619811
1,552917889
1,565195354
1,565195354
1,601901525
1,62626454
1,650538882
1,66264213
1,650538882
1,62626454
1,577451952
1,51596281
1,453976793
1,404050333
1,378979629
1,416559156
1,404050333
1,404050333
1,429049993
1,441522615
1,441522615
1,453976793
1,478828884
1,478828884
1,491226326
1,503604382
1,503604382
1,51596281
1,528301368
1,540619811
1,491226326
1,416559156
1,278021612
1,099002597
0,95654793
0,839002065
0,891345751
0,852102483
0,891345751
1,021477593
1,163254613
1,239899086
1,278021612
1,328632197
1,341244261
1,366418194
1,366418194
1,341244261
1,316003688
1,341244261
1,378979629
1,429049993
1,466412294
1,51596281
1,51596281
1,528301368
1,503604382
1,466412294
1,328632197
1,188860087
1,047368276
0,995539815
0,87827449
0,760208027
0,87827449
0,95654793
1,21440877
1,441522615
1,601901525
1,698812891
1,758617294
1,782364214
1,77050354
1,77050354
1,77050354
1,782364214
1,794199014
1,794199014
1,746705777
1,650538882
1,478828884
1,316003688
1,303358948
1,316003688
1,353839665
1,328632197
1,316003688
1,341244261
1,366418194
1,391523749
1,404050333
1,466412294
1,503604382
1,503604382
1,552917889
1,614093984
1,66264213
1,722808114
1,77050354
1,829545076
1,876291905
1,806007631
1,734769285
1,674722399
1,577451952
1,478828884
1,378979629
1,353839665
1,316003688
1,278021612
1,341244261
1,404050333
1,466412294
1,540619811
1,614093984
1,686779412
1,722808114
1,746705777
1,782364214
1,817789757
1,852974027
1,88790837
1,922583833
1,945552427
1,979775686
1,968399031
1,956991156
1,945552427
1,911054675
1,876291905
1,841273274
1,829545076
1,817789757
1,806007631
1,852974027
1,899496073
1,945552427
1,945552427
1,934083201
1,934083201
1,922583833
1,922583833
1,922583833
1,899496073
1,88790837
1,864647014
1,876291905
1,876291905
1,876291905
1,852974027
1,817789757
1,794199014
1,746705777
1,710822553
1,674722399
1,601901525
1,51596281
1,441522615
1,404050333
1,378979629
1,353839665
1,416559156
1,491226326
1,565195354
1,565195354
1,577451952
1,577451952
1,565195354
1,552917889
1,540619811
1,503604382
1,466412294
1,429049993
1,353839665
1,278021612
1,188860087
0,969556354
0,747045262
0,522138487
0,667900454
0,812773223
0,95654793
0,95654793
0,95654793
0,95654793
0,995539815
1,034428911
1,073210428
1,099002597
1,111879478
1,124743308
1,1375939
1,150431065
1,163254613
1,201641626
1,252621857
1,303358948
1,466412294
1,62626454
1,782364214
1,829545076
1,876291905
1,922583833
1,852974027
1,782364214
1,710822553
1,601901525
1,491226326
1,378979629
1,416559156
1,453976793
1,491226326
1,540619811
1,577451952
1,62626454
1,650538882
1,674722399
1,698812891
1,746705777
1,806007631
1,852974027
1,794199014
1,734769285
1,674722399
1,540619811
1,416559156
1,278021612
1,150431065
1,021477593
0,891345751
0,839002065
0,786508115
0,747045262
0,891345751
1,034428911
1,188860087
1,303358948
1,416559156
1,528301368
1,589687428
1,650538882
1,710822553
1,758617294
1,817789757
1,876291905
1,806007631
1,722808114
1,650538882
1,51596281
1,378979629
1,239899086
1,150431065
1,060295509
0,95654793
0,982553707
1,008514502
1,034428911
1,176064351
1,328632197
1,466412294
1,577451952
1,686779412
1,806007631
1,852974027
1,911054675
1,968399031
1,991120754
2,024962699
2,058506702
1,979775686
1,899496073
1,806007631
1,601901525
1,378979629
1,150431065
1,060295509
0,969556354
0,87827449
0,930498558
0,982553707
1,047368276
1,176064351
1,303358948
1,429049993
1,552917889
1,686779412
1,806007631
1,864647014
1,922583833
1,979775686
1,991120754
2,002433865
2,002433865
1,945552427
1,88790837
1,817789757
1,62626454
1,416559156
1,21440877
1,150431065
1,086112852
1,021477593
1,047368276
1,073210428
1,099002597
1,150431065
1,188860087
1,239899086
1,303358948
1,378979629
1,441522615
1,466412294
1,478828884
1,491226326
1,51596281
1,528301368
1,552917889
1,478828884
1,416559156
1,353839665
1,278021612
1,201641626
1,124743308
1,073210428
1,008514502
0,95654793
0,969556354
0,969556354
0,982553707
1,073210428
1,163254613
1,252621857
1,328632197
1,404050333
1,466412294
1,478828884
1,478828884
1,491226326
1,51596281
1,528301368
1,552917889
1,540619811
1,51596281
1,491226326
1,466412294
1,429049993
1,404050333
1,378979629
1,341244261
1,316003688
1,227161324
1,1375939
1,047368276
1,150431065
1,252621857
1,366418194
1,429049993
1,478828884
1,540619811
1,62626454
1,710822553
1,782364214
1,794199014
1,794199014
1,806007631
1,686779412
1,565195354
1,441522615
1,290698186
1,1375939
0,982553707
1,047368276
1,111879478
1,176064351
1,21440877
1,252621857
1,290698186
1,278021612
1,278021612
1,278021612
1,278021612
1,265329434
1,265329434
1,290698186
1,316003688
1,341244261
1,353839665
1,366418194
1,366418194
1,290698186
1,21440877
1,1375939
1,034428911
0,930498558
0,812773223
0,95654793
1,086112852
1,227161324
1,265329434
1,303358948
1,341244261
1,353839665
1,366418194
1,378979629
1,416559156
1,453976793
1,491226326
1,491226326
1,491226326
1,491226326
1,528301368
1,565195354
1,601901525
1,565195354
1,540619811
1,503604382
1,453976793
1,404050333
1,353839665
1,316003688
1,265329434
1,227161324
1,201641626
1,188860087
1,163254613
1,188860087
1,21440877
1,239899086
1,278021612
1,316003688
1,366418194
1,441522615
1,528301368
1,614093984
1,62626454
1,650538882
1,66264213
1,540619811
1,416559156
1,290698186
1,176064351
1,047368276
0,930498558
0,87827449
0,839002065
0,786508115
0,747045262
0,707507972
0,667900454
0,760208027
0,852102483
0,943528607
1,034428911
1,124743308
1,21440877
1,303358948
1,391523749
1,478828884
1,565195354
1,638412929
1,722808114
1,614093984
1,503604382
1,378979629
1,227161324
1,073210428
0,917457953
0,799645122
0,694313063
0,575233002
0,628226858
0,694313063
0,747045262
0,839002065
0,917457953
1,008514502
1,047368276
1,086112852
1,124743308
1,150431065
1,176064351
1,21440877
1,188860087
1,176064351
1,150431065
1,099002597
1,047368276
0,982553707
0,891345751
0,786508115
0,681110506
0,548697736
0,415684926
0,295579711
0,322296388
0,362344271
0,389023141
0,522138487
0,641458479
0,760208027
0,865193346
0,982553707
1,086112852
1,086112852
1,086112852
1,099002597
1,034428911
0,969556354
0,904406961
0,917457953
0,930498558
0,943528607
0,891345751
0,852102483
0,812773223
0,681110506
0,56196844
0,442328495
0,335649439
0,228732795
0,121649358
0,215355048
0,295579711
0,389023141
0,575233002
0,773362364
0,95654793
0,995539815
1,047368276
1,086112852
1,176064351
1,278021612
1,366418194
1,227161324
1,099002597
0,95654793
0,667900454
0,375685771
0,081464335
0
0
0
0
0
0
0,094860632
0,255480338
0,40235624
0,548697736
0,694313063
0,825892258
0,812773223
0,799645122
0,799645122
0,891345751
0,982553707
1,073210428
0,969556354
0,87827449
0,786508115
0,707507972
0,641458479
0,56196844
0,389023141
0,215355048
0,041269331
0,041269331
0,027869409
0,014468918
0,148432024
0,282216363
0,40235624
0,588491273
0,760208027
0,943528607
1,008514502
1,073210428
1,1375939
1,21440877
1,303358948
1,378979629
1,111879478
0,839002065
0,56196844
0,295579711
0,041269331
0
0
0
0
0
0
0
0,094860632
0,268849859
0,455643093
0,535421036
0,628226858
0,720695078
0,799645122
0,865193346
0,943528607
0,969556354
0,995539815
1,021477593
0,852102483
0,681110506
0,508850234
0,335649439
0,175207545
0,001067992
0
0
0
0
0
0
0
0
0
0,161820746
0,40235624
0,654683061
0,747045262
0,839002065
0,943528607
0,917457953
0,891345751
0,87827449
0,786508115
0,707507972
0,628226858
0,442328495
0,268849859
0,094860632
0,014468918
0
0
0
0
0
0,041269331
0,135041516
0,242107938
0,322296388
0,40235624
0,482257201
0,522138487
0,548697736
0,575233002
0,601743105
0,61498835
0,628226858
0,548697736
0,455643093
0,375685771
0,215355048
0,068066929
0
0
0
0
0
0
0
0,135041516
0,282216363
0,429009059
0,588491273
0,733874227
0,87827449
0,917457953
0,969556354
1,008514502
1,008514502
1,008514502
1,021477593
1,021477593
1,008514502
1,008514502
0,982553707
0,943528607
0,904406961
0,747045262
0,588491273
0,415684926
0,362344271
0,308939766
0,255480338
0,295579711
0,335649439
0,375685771
0,522138487
0,667900454
0,799645122
0,917457953
1,021477593
1,1375939
1,201641626
1,265329434
1,328632197
1,111879478
0,891345751
0,681110506
0,415684926
0,161820746
0
0
0
0
0
0
0
0
0,215355048
0,442328495
0,601743105
0,747045262
0,904406961
0,917457953
0,930498558
0,95654793
0,982553707
1,008514502
1,047368276
0,969556354
0,904406961
0,825892258
0,588491273
0,362344271
0,121649358
0,027869409
0
0
0
0
0,014468918
0,148432024
0,282216363
0,415684926
0,508850234
0,61498835
0,720695078
0,799645122
0,865193346
0,943528607
0,95654793
0,969556354
0,982553707
0,799645122
0,628226858
0,442328495
0,121649358
0
0
0
0
0
0
0
0
0
0,041269331
0,201974833
0,322296388
0,455643093
0,588491273
0,628226858
0,681110506
0,733874227
0,799645122
0,852102483
0,917457953
0,760208027
0,601743105
0,442328495
0,081464335
0
0
0
0
0
0
0
0
0
0
0
0
0
0,041269331
0,188592286
0,34899878
0,508850234
0,548697736
0,588491273
0,641458479
0,628226858
0,61498835
0,61498835
0,40235624
0,188592286
0
0
0
0
0,027869409
0,094860632
0,161820746
0,268849859
0,375685771
0,482257201
0,588491273
0,681110506
0,799645122
0,917457953
1,034428911
1,150431065
1,265329434
1,378979629
1,491226326
1,453976793
1,416559156
1,366418194
1,265329434
1,176064351
1,073210428
0,95654793
0,852102483
0,733874227
0,681110506
0,628226858
0,575233002
0,628226858
0,681110506
0,733874227
0,904406961
1,073210428
1,239899086
1,278021612
1,328632197
1,378979629
1,404050333
1,441522615
1,466412294
1,353839665
1,239899086
1,124743308
1,021477593
0,930498558
0,839002065
0,773362364
0,707507972
0,641458479
0,681110506
0,720695078
0,747045262
0,825892258
0,891345751
0,969556354
1,176064351
1,391523749
1,589687428
1,638412929
1,686779412
1,734769285
1,77050354
1,806007631
1,841273274
1,650538882
1,466412294
1,265329434
1,060295509
0,839002065
0,628226858
0,508850234
0,375685771
0,255480338
0,335649439
0,40235624
0,482257201
0,628226858
0,773362364
0,917457953
1,047368276
1,163254613
1,278021612
1,303358948
1,341244261
1,366418194
1,378979629
1,378979629
1,391523749
1,239899086
1,086112852
0,930498558
0,720695078
0,508850234
0,295579711
0,255480338
0,215355048
0,175207545
0,242107938
0,308939766
0,375685771
0,535421036
0,694313063
0,852102483
1,021477593
1,188860087
1,353839665
1,441522615
1,51596281
1,589687428
1,66264213
1,734769285
1,806007631
1,552917889
1,290698186
1,021477593
0,825892258
0,628226858
0,442328495
0,335649439
0,228732795
0,121649358
0,108255685
0,081464335
0,068066929
0,188592286
0,308939766
0,442328495
0,641458479
0,852102483
1,047368276
1,150431065
1,239899086
1,341244261
1,404050333
1,478828884
1,540619811
1,341244261
1,1375939
0,917457953
0,628226858
0,335649439
0,027869409
0
0
0
0
0
0
0
0
0,068066929
0,295579711
0,522138487
0,760208027
0,891345751
1,021477593
1,163254613
1,21440877
1,265329434
1,316003688
1,060295509
0,812773223
0,548697736
0,295579711
0,027869409
0
0
0
0
0
0
0
0
0
0,041269331
0,255480338
0,468952709
0,667900454
0,747045262
0,825892258
0,904406961
0,95654793
1,021477593
1,073210428
0,852102483
0,628226858
0,389023141
0,135041516
0
0
0
0
0
0
0
0
0
0
0,014468918
0,242107938
0,455643093
0,681110506
0,812773223
0,943528607
1,073210428
1,163254613
1,252621857
1,341244261
1,008514502
0,667900454
0,322296388
0,094860632
0
0
0
0
0
0
0
0
0
0
0
0
0,228732795
0,468952709
0,641458479
0,799645122
0,969556354
1,047368276
1,124743308
1,201641626
0,87827449
0,548697736
0,201974833
0
0
0
0
0
0
0
0
0
0
0
0
0
0,05466855
0,308939766
0,468952709
0,628226858
0,786508115
0,891345751
0,982553707
1,086112852
0,865193346
0,654683061
0,442328495
0,081464335
0
0
0
0
0
0
0
0
0
0
0
0
0,242107938
0,508850234
0,588491273
0,667900454
0,733874227
0,812773223
0,891345751
0,969556354
0,760208027
0,56196844
0,362344271
0,161820746
0
0
0
0
0
0
0
0
0,135041516
0,335649439
0,548697736
0,773362364
1,008514502
1,227161324
1,341244261
1,441522615
1,540619811
1,565195354
1,601901525
1,62626454
1,441522615
1,239899086
1,047368276
0,773362364
0,508850234
0,242107938
0,215355048
0,188592286
0,161820746
0,228732795
0,282216363
0,34899878
0,495556424
0,628226858
0,760208027
0,904406961
1,034428911
1,163254613
1,21440877
1,278021612
1,328632197
1,353839665
1,378979629
1,404050333
1,1375939
0,865193346
0,588491273
0,322296388
0,05466855
0
0
0
0
0
0
0
0
0
0
0,121649358
0,282216363
0,455643093
0,535421036
0,61498835
0,681110506
0,733874227
0,786508115
0,839002065
0,747045262
0,654683061
0,575233002
0,415684926
0,255480338
0,108255685
0
0
0
0
0
0
0,068066929
0,188592286
0,308939766
0,468952709
0,61498835
0,773362364
0,852102483
0,930498558
1,008514502
1,060295509
1,111879478
1,163254613
1,060295509
0,95654793
0,852102483
0,654683061
0,442328495
0,228732795
0,188592286
0,148432024
0,108255685
0,135041516
0,161820746
0,201974833
0,282216363
0,375685771
0,468952709
0,61498835
0,773362364
0,917457953
0,982553707
1,047368276
1,124743308
1,124743308
1,1375939
1,1375939
1,073210428
1,008514502
0,943528607
0,904406961
0,865193346
0,839002065
0,760208027
0,681110506
0,601743105
0,588491273
0,575233002
0,56196844
0,628226858
0,707507972
0,773362364
0,825892258
0,87827449
0,943528607
0,95654793
0,969556354
0,982553707
0,995539815
1,021477593
1,047368276
1,034428911
1,021477593
1,021477593
0,87827449
0,733874227
0,588491273
0,508850234
0,415684926
0,322296388
0,34899878
0,389023141
0,415684926
0,482257201
0,548697736
0,601743105
0,812773223
1,008514502
1,201641626
1,316003688
1,429049993
1,540619811
1,577451952
1,62626454
1,66264213
1,378979629
1,086112852
0,799645122
0,588491273
0,389023141
0,175207545
0,148432024
0,108255685
0,081464335
0,148432024
0,228732795
0,295579711
0,375685771
0,455643093
0,535421036
0,667900454
0,799645122
0,930498558
0,982553707
1,021477593
1,073210428
1,099002597
1,1375939
1,163254613
1,021477593
0,891345751
0,747045262
0,588491273
0,442328495
0,282216363
0,201974833
0,135041516
0,068066929
0,148432024
0,215355048
0,295579711
0,335649439
0,375685771
0,415684926
0,508850234
0,61498835
0,707507972
0,799645122
0,891345751
0,969556354
1,111879478
1,239899086
1,378979629
1,252621857
1,124743308
0,995539815
0,891345751
0,786508115
0,681110506
0,601743105
0,508850234
0,415684926
0,375685771
0,322296388
0,282216363
0,322296388
0,362344271
0,415684926
0,61498835
0,812773223
1,008514502
1,124743308
1,227161324
1,341244261
1,378979629
1,416559156
1,441522615
1,21440877
0,995539815
0,760208027
0,56196844
0,375685771
0,188592286
0,108255685
0,014468918
0
0
0
0
0
0,108255685
0,242107938
0,40235624
0,56196844
0,720695078
0,747045262
0,786508115
0,825892258
0,839002065
0,852102483
0,865193346
0,654683061
0,442328495
0,242107938
0,081464335
0
0
0
0
0
0
0,001067992
0,215355048
0,295579711
0,362344271
0,429009059
0,522138487
0,628226858
0,720695078
0,839002065
0,95654793
1,073210428
1,163254613
1,265329434
1,366418194
1,1375939
0,917457953
0,681110506
0,508850234
0,322296388
0,148432024
0,001067992
0
0
0
0
0
0
0,068066929
0,201974833
0,362344271
0,535421036
0,707507972
0,720695078
0,733874227
0,760208027
0,773362364
0,799645122
0,812773223
0,667900454
0,508850234
0,34899878
0,188592286
0,027869409
0
0
0
0
0
0
0
0
0
0
0,108255685
0,215355048
0,335649439
0,495556424
0,654683061
0,812773223
0,773362364
0,733874227
0,707507972
0,694313063
0,694313063
0,694313063
0,786508115
0,87827449
0,969556354
1,008514502
1,034428911
1,073210428
1,073210428
1,073210428
1,086112852
1,034428911
0,982553707
0,943528607
1,060295509
1,176064351
1,290698186
1,341244261
1,404050333
1,466412294
1,429049993
1,404050333
1,366418194
1,201641626
1,021477593
0,839002065
0,694313063
0,535421036
0,389023141
0,295579711
0,215355048
0,121649358
0,108255685
0,081464335
0,068066929
0,215355048
0,362344271
0,522138487
0,641458479
0,760208027
0,87827449
0,943528607
1,008514502
1,073210428
1,150431065
1,227161324
1,303358948
1,086112852
0,865193346
0,641458479
0,482257201
0,322296388
0,161820746
0,135041516
0,108255685
0,081464335
0,161820746
0,242107938
0,322296388
0,322296388
0,322296388
0,322296388
0,442328495
0,56196844
0,681110506
0,707507972
0,720695078
0,747045262
0,786508115
0,812773223
0,839002065
0,773362364
0,694313063
0,628226858
0,495556424
0,362344271
0,228732795
0,308939766
0,40235624
0,482257201
0,522138487
0,548697736
0,588491273
0,641458479
0,681110506
0,733874227
0,839002065
0,943528607
1,047368276
1,034428911
1,008514502
0,995539815
1,008514502
1,008514502
1,021477593
0,95654793
0,904406961
0,839002065
0,667900454
0,495556424
0,322296388
0,255480338
0,201974833
0,135041516
0,068066929
0,014468918
0
0
0,001067992
0,027869409
0,215355048
0,415684926
0,61498835
0,694313063
0,773362364
0,852102483
0,852102483
0,852102483
0,852102483
0,760208027
0,681110506
0,601743105
0,575233002
0,548697736
0,535421036
0,455643093
0,375685771
0,295579711
0,161820746
0,014468918
0
0
0,081464335
0,201974833
0,362344271
0,522138487
0,535421036
0,548697736
0,56196844
0,575233002
0,588491273
0,601743105
0,61498835
0,455643093
0,282216363
0,121649358
0
0
0
0
0
0
0
0
0
0
0,014468918
0,094860632
0,188592286
0,268849859
0,362344271
0,429009059
0,508850234
0,588491273
0,61498835
0,654683061
0,694313063
0,508850234
0,322296388
0,148432024
0,014468918
0
0
0
0
0
0
0
0
0
0
0
0
0,014468918
0,148432024
0,215355048
0,295579711
0,375685771
0,468952709
0,56196844
0,667900454
0,468952709
0,268849859
0,068066929
0
0
0
0
0
0
0
0
0
0
0
0
0
0,05466855
0,188592286
0,34899878
0,495556424
0,641458479
0,654683061
0,667900454
0,681110506
0,468952709
0,242107938
0,027869409
0
0
0
0
0
0
0
0
0
0
0
0
0
0
0,014468918
0,121649358
0,228732795
0,34899878
0,362344271
0,375685771
0,389023141
0,295579711
0,201974833
0,094860632
0
0
0
0
0
0
0
0
0
0
0
0
0
0
0
0
0,001067992
0,094860632
0,068066929
0,05466855
0,027869409
0
0
0
0
0
0
0
0
0
0
0
0
0
0
0
0
0
0
0
0
0
0
0,041269331
0,148432024
0,014468918
0
0
0
0
0
0
0
0
0
0
0
0
0
0
0,001067992
0,161820746
0,308939766
0,389023141
0,468952709
0,548697736
0,522138487
0,508850234
0,482257201
0,255480338
0,041269331
0
0
0
0
0
0
0
0
0
0
0
0
0
0
0
0
0
0
0
0
0
0
0
0
0
0
0
0
0
0
0
0
0
0
0
0
0
0
0
0
0,081464335
0,215355048
0,34899878
0,335649439
0,308939766
0,282216363
0,161820746
0,027869409
0
0
0
0
0
0
0
0
0
0
0
0
0
0
0
0
0
0
0
0,001067992
0,027869409
0,05466855
0
0
0
0
0
0
0
0
0
0
0
0
0
0
0
0
0
0
0
0
0
0
0
0
0
0
0
0
0
0
0
0
0
0
0
0
0
0
0
0
0
0
0,05466855
0,188592286
0,322296388
0,308939766
0,308939766
0,295579711
0,322296388
0,34899878
0,389023141
0,308939766
0,228732795
0,148432024
0,068066929
0
0
0
0
0
0
0
0
0
0
0
0,027869409
0,081464335
0,148432024
0,242107938
0,34899878
0,442328495
0,455643093
0,455643093
0,455643093
0,34899878
0,242107938
0,135041516
0,05466855
0
0
0
0
0
0
0
0
0,001067992
0,282216363
0,548697736
0,641458479
0,733874227
0,825892258
0,786508115
0,760208027
0,733874227
0,628226858
0,508850234
0,40235624
0,295579711
0,201974833
0,094860632
0
0
0
0
0
0
0
0
0
0
0
0
0
0,014468918
0,068066929
0,081464335
0,094860632
0,108255685
0,094860632
0,081464335
0,068066929
0
0
0
0
0
0
0
0
0
0
0
0
0,094860632
0,242107938
0,375685771
0,375685771
0,362344271
0,362344271
0,34899878
0,335649439
0,322296388
0,215355048
0,108255685
0,001067992
0
0
0
0
0
0
0
0
0
0
0
0
0
0
0,041269331
0,05466855
0,068066929
0,068066929
0,121649358
0,175207545
0,228732795
0,135041516
0,027869409
0
0
0,014468918
0,05466855
0
0
0
0
0
0
0
0
0,05466855
0,175207545
0,295579711
0,415684926
0,468952709
0,535421036
0,588491273
0,575233002
0,548697736
0,535421036
0,482257201
0,415684926
0,34899878
0,228732795
0,108255685
0
0,068066929
0,161820746
0,255480338
0,268849859
0,268849859
0,282216363
0,322296388
0,375685771
0,415684926
0,442328495
0,468952709
0,495556424
0,522138487
0,548697736
0,575233002
0,588491273
0,601743105
0,61498835
0,535421036
0,442328495
0,362344271
0,322296388
0,282216363
0,242107938
0,161820746
0,081464335
0,001067992
0
0
0
0
0
0,001067992
0,135041516
0,268849859
0,40235624
0,40235624
0,389023141
0,389023141
0,362344271
0,335649439
0,308939766
0,268849859
0,228732795
0,188592286
0,148432024
0,108255685
0,068066929
0
0
0
0
0
0
0,027869409
0,108255685
0,188592286
0,268849859
0,34899878
0,429009059
0,442328495
0,455643093
0,468952709
0,482257201
0,508850234
0,522138487
0,455643093
0,40235624
0,335649439
0,175207545
0,027869409
0
0
0
0
0
0
0
0
0
0
0
0,081464335
0,175207545
0,201974833
0,228732795
0,255480338
0,308939766
0,362344271
0,415684926
0,375685771
0,335649439
0,295579711
0,121649358
0
0
0
0
0
0
0
0
0
0
0
0,041269331
0,121649358
0,215355048
0,255480338
0,295579711
0,335649439
0,375685771
0,415684926
0,455643093
0,322296388
0,201974833
0,068066929
0
0
0
0
0
0
0
0
0
0
0
0
0
0,121649358
0,295579711
0,362344271
0,429009059
0,508850234
0,442328495
0,389023141
0,335649439
0,215355048
0,108255685
0
0
0
0
0
0
0
0
0
0
0
0
0
0
0,148432024
0,335649439
0,455643093
0,56196844
0,681110506
0,667900454
0,654683061
0,628226858
0,322296388
0,014468918
0
0
0
0
0
0
0
0
0
0
0
0
0
0
0
0
0
0
0
0
0,014468918
0,068066929
0,081464335
0,081464335
0,081464335
0
0
0
0
0
0
0
0
0
0
0
0
0
0,001067992
0,108255685
0,148432024
0,175207545
0,215355048
0,228732795
0,242107938
0,255480338
0,148432024
0,041269331
0
0
0
0
0
0
0
0
0
0
0
0
0
0
0
0,068066929
0,121649358
0,175207545
0,228732795
0,228732795
0,228732795
0,215355048
0,108255685
0
0
0
0
0
0
0
0
0
0
0
0
0
0
0
0
0
0
0,041269331
0,094860632
0,121649358
0,148432024
0,188592286
0,094860632
0,001067992
0
0
0
0
0
0
0
0
0
0
0
0
0
0
0
0
0
0
0
0,001067992
0,027869409
0,05466855
0
0
0
0
0
0
0
0
0
0
0
0
0
0
0
0
0
0
0,068066929
0,188592286
0,308939766
0,375685771
0,442328495
0,495556424
0,482257201
0,468952709
0,442328495
0,295579711
0,148432024
0,001067992
0
0
0
0
0,001067992
0,081464335
0,05466855
0,027869409
0,014468918
0,148432024
0,282216363
0,429009059
0,508850234
0,601743105
0,694313063
0,733874227
0,773362364
0,812773223
0,641458479
0,455643093
0,282216363
0,135041516
0
0
0
0
0
0
0
0
0
0
0
0
0,001067992
0,161820746
0,215355048
0,282216363
0,335649439
0,40235624
0,468952709
0,535421036
0,415684926
0,282216363
0,161820746
0,041269331
0
0
0
0
0
0
0
0
0
0
0
0
0
0,081464335
0,108255685
0,121649358
0,148432024
0,175207545
0,215355048
0,242107938
0,081464335
0
0
0
0
0
0
0
0
0
0
0
0
0
0
0
0
0,001067992
0,148432024
0,295579711
0,442328495
0,495556424
0,535421036
0,575233002
0,295579711
0,027869409
0
0
0
0
0
0
0
0
0
0
0
0
0
0
0
0
0
0
0
0
0,001067992
0,014468918
0
0
0
0
0
0
0
0
0
0
0
0
0
0
0
0
0,094860632
0,322296388
0,442328495
0,575233002
0,694313063
0,694313063
0,694313063
0,694313063
0,34899878
0,001067992
0
0
0
0
0
0
0
0
0
0
0
0
0
0
0
0
0
0
0
0
0
0
0
0
0
0
0
0
0
0
0
0
0
0
0
0
0
0
0
0
0
0
0
0
0
0
0
0
0
0
0
0
0
0
0
0
0
0
0
0
0
0
0
0
0
0
0
0
0
0
0
0
0
0
0
0
0
0
0
0
0
0
0
0
0
0
0
0
0
0
0
0
0
0
0
0
0
0
0
0
0
0
0
0
0
0
0
0
0
0
0
0
0
0
0
0
0
0
0
0
0
0
0
0
0
0
0
0
0
0
0
0
0
0
0
0
0
0
0
0
0
0
0
0
0
0
0
0
0
0
0
0
0
0
0
0
0
0
0
0
0
0,081464335
0,201974833
0,242107938
0,282216363
0,322296388
0,188592286
0,05466855
0
0
0
0
0
0
0
0
0
0
0
0
0
0
0
0
0
0
0,027869409
0,108255685
0,175207545
0,242107938
0,255480338
0,268849859
0,282216363
0,05466855
0
0
0
0
0
0
0
0
0
0
0
0
0
0
0,05466855
0,135041516
0,215355048
0,255480338
0,295579711
0,335649439
0,121649358
0
0
0
0
0
0
0
0
0
0
0
0
0
0
0
0
0
0
0
0
0
0
0
0
0
0
0
0
0
0
0
0
0
0
0
0
0
0
0
0
0
0
0
0
0
0
0
0
0
0
0
0
0
0
0
0
0
0
0
0
0
0
0
0
0
0
0
0
0
0
0
0
0
0
0
0
0
0
0
0
0
0
0
0
0
0
0
0
0
0
0
0
0
0
0
0
0
0
0
0
0
0
0
0
0
0
0
0
0
0
0
0
0
0
0
0
0
0
0
0
0
0
0
0
0
0
0
0
0
0
0
0
0
0
0
0
0
0
0
0
0
0
0
0
0
0
0
0
0
0
0
0
0
0
0
0
0
0
0
0
0
0
0
0
0
0
0,027869409
0
0
0
0
0
0
0
0
0
0
0
0
0
0
0
0
0
0
0
0
0
0
0
0
0
0
0
0
0
0
0
0
0
0
0
0
0
0
0
0
0
0
0
0
0
0
0
0
0
0
0
0
0
0
0
0
0
0
0
0
0
0
0
0
0
0
0
0
0
0
0
0
0
0
0
0
0
0
0
0
0
0
0
0
0
0
0
0
0
0
0
0
0
0
0
0
0
0,041269331
0,094860632
0,081464335
0,068066929
0,05466855
0,094860632
0,121649358
0,161820746
0,175207545
0,175207545
0,188592286
0,161820746
0,121649358
0,094860632
0,027869409
0
0
0
0
0,027869409
0,094860632
0,175207545
0,242107938
0,161820746
0,068066929
0
0
0
0
0
0
0
0
0
0
0
0
0
0
0
0
0
0
0
0
0
0
0
0
0
0
0
0
0
0
0
0
0
0
0
0
0
0
0
0
0
0
0
0
0,027869409
0,094860632
0
0
0
0
0
0
0
0
0
0
0
0
0
0
0
0
0
0
0
0
0
0
0
0
0
0
0
0
0
0
0
0
0
0
0
0
0
0
0
0
0
0
0
0
0
0
0
0
0
0
0
0
0
0
0
0
0
0
0
0
0
0
0
0
0
0
0
0
0
0
0
0
0
0
0
0
0
0
0
0
0
0
0
0
0
0
0
0
0
0
0
0
0
0
0
0
0
0
0
0
0
0
0
0
0
0
0
0
0
0
0
0
0
0
0
0
0
0
0
0
0
0
0
0
0
0
0
0
0
0
0
0
0
0
0
0
0
0
0
0
0
0
0
0
0
0
0
0
0
0
0
0
0
0
0
0
0
0
0
0
0
0
0
0
0
0
0
0
0
0
0
0
0
0
0
0
0
0
0
0
0
0
0
0
0
0
0
0,041269331
0,148432024
0,161820746
0,161820746
0,175207545
0,094860632
0,014468918
0
0
0
0
0
0
0
0
0
0
0
0
0
0
0
0
0
0
0
0
0
0
0
0
0
0
0
0
0
0
0
0
0
0
0
0
0
0
0
0
0
0
0,014468918
0,05466855
0,094860632
0,135041516
0,014468918
0
0
0
0
0
0
0
0
0
0
0
0
0
0
0
0
0
0
0,014468918
0,121649358
0,135041516
0,161820746
0,188592286
0,014468918
0
0
0
0
0
0
0
0
0
0
0
0
0
0
0
0
0
0
0
0
0
0
0
0
0
0
0
0
0
0
0
0
0
0
0
0
0
0
0
0
0
0
0,041269331
0,148432024
0,201974833
0,242107938
0,295579711
0,188592286
0,081464335
0
0
0
0
0
0
0
0
0
0
0
0
0
0
0
0
0
0
0,001067992
0,014468918
0,041269331
0,05466855
0
0
0
0
0
0
0
0
0
0
0
0
0
0
0
0
0
0
0
0
0
0
0
0
0
0
0
0
0
0
0
0
0
0
0
0
0
0
0
0
0
0,094860632
0,175207545
0,242107938
0,322296388
0,375685771
0,415684926
0,455643093
0,308939766
0,175207545
0,027869409
0
0
0
0
0
0
0
0
0
0
0
0
0
0
0,014468918
0,135041516
0,268849859
0,40235624
0,442328495
0,482257201
0,522138487
0,335649439
0,135041516
0
0
0
0
0
0
0
0
0
0
0
0
0
0
0
0
0
0
0
0
0
0
0
0
0
0
0
0
0
0
0
0
0
0
0
0
0
0
0
0
0
0
0
0
0,001067992
0,014468918
0
0
0
0
0
0
0
0
0
0
0
0
0
0
0
0
0
0
0
0
0
0
0
0
0
0
0
0
0,014468918
0,068066929
0,001067992
0
0
0
0
0
0
0
0
0
0
0
0
0
0
0
0
0
0
0
0
0
0
0
0
0
0
0
0
0
0
0
0
0
0
0
0
0
0
0
0
0
0
0
0
0
0
0
0
0
0
0
0
0
0
0
0
0
0
0
0
0
0
0,068066929
0,148432024
0,228732795
0,148432024
0,081464335
0,001067992
0
0
0
0
0
0
0
0
0
0
0
0
0
0,041269331
0,161820746
0,242107938
0,322296388
0,40235624
0,362344271
0,322296388
0,295579711
0,215355048
0,148432024
0,068066929
0
0
0
0
0
0
0
0
0
0
0
0
0
0,027869409
0,188592286
0,295579711
0,415684926
0,522138487
0,575233002
0,61498835
0,667900454
0,455643093
0,228732795
0,014468918
0
0
0
0
0
0
0
0
0
0
0
0
0
0
0
0,068066929
0,148432024
0,228732795
0,282216363
0,335649439
0,389023141
0,201974833
0,014468918
0
0
0
0
0
0
0
0
0
0
0
0
0
0
0
0
0
0
0
0
0
0
0
0
0
0
0
0
0
0
0
0
0
0
0
0
0
0
0
0
0
0
0
0
0
0,014468918
0,041269331
0,05466855
0,068066929
0
0
0
0
0
0
0
0
0
0
0
0,081464335
0,161820746
0,228732795
0,295579711
0,335649439
0,375685771
0,40235624
0,455643093
0,508850234
0,56196844
0,455643093
0,335649439
0,228732795
0,175207545
0,108255685
0,05466855
0
0
0
0
0
0
0
0,081464335
0,242107938
0,268849859
0,295579711
0,322296388
0,362344271
0,40235624
0,442328495
0,442328495
0,442328495
0,455643093
0,482257201
0,522138487
0,56196844
0,40235624
0,242107938
0,081464335
0
0
0
0
0
0
0
0
0,068066929
0,228732795
0,389023141
0,548697736
0,588491273
0,628226858
0,667900454
0,747045262
0,812773223
0,891345751
0,773362364
0,667900454
0,548697736
0,308939766
0,05466855
0
0
0
0
0
0
0
0
0
0
0,041269331
0,175207545
0,282216363
0,389023141
0,495556424
0,601743105
0,707507972
0,812773223
0,917457953
1,047368276
0,891345751
0,575233002
0,34899878
0,148432024
0,027869409
0
0
0
0
0
0
0
0
0
0
0
0
0,001067992
0,094860632
0,215355048
0,34899878
0,34899878
0,308939766
0,228732795
0,081464335
0
0
0
0
0
0
0
0
0
0
0
0
0
0
0
0
0
0,108255685
0,201974833
0,268849859
0,308939766
0,389023141
0,442328495
0,375685771
0,242107938
0,081464335
0
0
0
0
0
0
0
0
0,108255685
0,295579711
0,455643093
0,535421036
0,654683061
0,799645122
0,95654793
0,982553707
0,943528607
0,943528607
1,021477593
1,047368276
0,995539815
0,930498558
0,799645122
0,694313063
0,61498835
0,495556424
0,455643093
0,415684926
0,415684926
0,34899878
0,429009059
0,455643093
0,508850234
0,495556424
0,482257201
0,667900454
0,786508115
0,839002065
1,047368276
1,021477593
1,111879478
1,252621857
1,239899086
1,099002597
1,111879478
1,073210428
0,588491273
0,308939766
0,094860632
0
0
0
0
0
0
0
0
0
0,014468918
0,081464335
0,081464335
0,041269331
0,014468918
0
0,014468918
0,001067992
0,05466855
0,081464335
0,081464335
0,068066929
0,041269331
0,001067992
0
0
0
0
0
0
0
0
0
0
0
0,081464335
0,295579711
0,295579711
0,429009059
0,362344271
0,375685771
0,495556424
0,535421036
0,628226858
0,654683061
0,575233002
0,482257201
0,389023141
0,335649439
0,268849859
0,068066929
0,041269331
0
0
0
0,027869409
0,201974833
0,228732795
0,242107938
0,215355048
0,188592286
0,161820746
0,215355048
0,295579711
0,295579711
0,282216363
0,268849859
0,201974833
0,242107938
0,242107938
0,215355048
0,175207545
0,108255685
0,094860632
0,094860632
0,068066929
0,001067992
0
0
0,05466855
0,094860632
0,135041516
0,215355048
0,215355048
0,188592286
0,175207545
0,215355048
0,215355048
0,242107938
0,282216363
0,362344271
0,389023141
0,375685771
0,375685771
0,335649439
0,335649439
0,335649439
0,268849859
0,175207545
0,014468918
0
0
0
0
0
0,041269331
0,094860632
0,215355048
0,282216363
0,268849859
0,268849859
0,268849859
0,322296388
0,335649439
0,322296388
0,295579711
0,322296388
0,308939766
0,242107938
0,108255685
0,068066929
0
0
0
0,041269331
0,001067992
0
0
0
0,014468918
0,041269331
0,108255685
0,161820746
0,228732795
0,228732795
0,228732795
0,255480338
0,242107938
0,242107938
0,255480338
0,228732795
0,201974833
0,175207545
0,188592286
0,068066929
0
0
0
0
0
0
0
0
0,027869409
0,041269331
0,081464335
0,108255685
0,175207545
0,308939766
0,40235624
0,389023141
0,455643093
0,468952709
0,455643093
0,508850234
0,482257201
0,375685771
0,34899878
0,255480338
0,161820746
0
0
0
0
0
0
0
0,001067992
0,255480338
0,242107938
0,215355048
0,188592286
0,255480338
0,34899878
0,389023141
0,442328495
0,548697736
0,61498835
0,707507972
0,720695078
0,601743105
0,508850234
0,362344271
0,282216363
0,175207545
0,068066929
0
0
0
0
0
0,161820746
0,375685771
0,548697736
0,812773223
0,667900454
0,95654793
1,021477593
0,95654793
1,047368276
0,839002065
0,601743105
0,508850234
0,522138487
0,482257201
0,34899878
0,201974833
0,094860632
0,05466855
0
0,014468918
0,081464335
0,068066929
0,001067992
0,094860632
0,135041516
0,135041516
0,135041516
0,228732795
0,282216363
0,282216363
0,415684926
0,56196844
0,575233002
0,641458479
0,707507972
0,747045262
0,654683061
0,56196844
0,522138487
0,495556424
0,389023141
0,295579711
0,161820746
0,068066929
0
0
0,027869409
0,068066929
0,161820746
0,295579711
0,468952709
0,508850234
0,654683061
0,747045262
0,773362364
0,904406961
0,995539815
1,086112852
1,176064351
1,163254613
1,188860087
0,969556354
0,747045262
0,588491273
0,522138487
0,455643093
0,455643093
0,482257201
0,522138487
0,56196844
0,535421036
0,522138487
0,389023141
0,335649439
0,228732795
0,135041516
0,081464335
0,001067992
0,001067992
0,068066929
0,094860632
0,094860632
0,121649358
0,121649358
0,081464335
0,014468918
0
0
0
0
0
0
0
0
0
0
0
0,068066929
0,188592286
0,268849859
0,335649439
0,415684926
0,442328495
0,628226858
0,654683061
0,654683061
0,667900454
0,641458479
0,641458479
0,61498835
0,575233002
0,508850234
0,389023141
0,282216363
0,121649358
0,041269331
0,05466855
0,108255685
0,175207545
0,242107938
0,389023141
0,522138487
0,628226858
0,733874227
0,733874227
0,773362364
0,786508115
0,747045262
0,760208027
0,799645122
0,891345751
0,995539815
1,086112852
0,95654793
0,747045262
0,522138487
0,362344271
0,255480338
0,148432024
0,081464335
0,05466855
0,027869409
0,027869409
0,148432024
0,308939766
0,429009059
0,522138487
0,522138487
0,588491273
0,535421036
0,482257201
0,442328495
0,40235624
0,442328495
0,468952709
0,468952709
0,522138487
0,389023141
0,228732795
0,175207545
0,041269331
0
0
0
0
0
0
0,027869409
0,135041516
0,081464335
0,05466855
0,041269331
0,014468918
0,014468918
0,068066929
0,05466855
0,081464335
0,161820746
0,255480338
0,255480338
0,255480338
0,161820746
0,014468918
0
0
0
0
0
0
0
0
0
0
0
0
0
0,068066929
0,094860632
0,108255685
0,201974833
0,242107938
0,242107938
0,282216363
0,375685771
0,429009059
0,335649439
0,242107938
0,027869409
0
0
0
0
0
0
0
0
0,014468918
0,161820746
0,228732795
0,295579711
0,362344271
0,415684926
0,468952709
0,522138487
0,601743105
0,628226858
0,628226858
0,641458479
0,575233002
0,40235624
0,148432024
0,041269331
0
0
0
0
0
0
0
0
0,041269331
0,228732795
0,375685771
0,429009059
0,362344271
0,375685771
0,335649439
0,322296388
0,282216363
0,295579711
0,282216363
0,228732795
0,242107938
0,201974833
0,001067992
0
0
0
0
0
0
0
0
0
0
0
0
0
0
0,001067992
0
0
0
0,001067992
0,014468918
0,041269331
0,068066929
0
0
0
0
0
0
0
0
0
0
0
0
0,094860632
0,068066929
0,001067992
0,05466855
0,255480338
0,322296388
0,34899878
0,34899878
0,389023141
0,362344271
0,389023141
0,415684926
0,375685771
0,34899878
0,282216363
0,161820746
0,001067992
0
0
0
0
0
0
0,255480338
0,455643093
0,56196844
0,681110506
0,773362364
0,825892258
0,943528607
0,95654793
1,008514502
0,995539815
0,969556354
0,995539815
0,995539815
0,852102483
0,694313063
0,415684926
0,215355048
0,135041516
0,094860632
0,148432024
0,242107938
0,295579711
0,34899878
0,375685771
0,442328495
0,522138487
0,535421036
0,548697736
0,588491273
0,588491273
0,61498835
0,601743105
0,56196844
0,575233002
0,601743105
0,61498835
0,575233002
0,535421036
0,482257201
0,389023141
0,335649439
0,335649439
0,40235624
0,455643093
0,455643093
0,455643093
0,468952709
0,495556424
0,522138487
0,535421036
0,522138487
0,495556424
0,468952709
0,468952709
0,429009059
0,375685771
0,335649439
0,322296388
0,295579711
0,255480338
0,228732795
0,188592286
0,161820746
0,121649358
0,108255685
0,05466855
0,014468918
0
0
0
0
0
0,014468918
0,121649358
0,094860632
0,041269331
0,081464335
0,135041516
0,121649358
0,135041516
0,135041516
0,121649358
0,148432024
0,148432024
0,148432024
0,108255685
0
0
0
0
0
0
0
0
0
0
0,014468918
0,094860632
0,135041516
0,121649358
0,242107938
0,375685771
0,495556424
0,61498835
0,733874227
0,865193346
0,982553707
1,008514502
1,034428911
1,060295509
0,930498558
0,812773223
0,694313063
0,56196844
0,442328495
0,308939766
0,40235624
0,482257201
0,56196844
0,641458479
0,720695078
0,799645122
0,799645122
0,799645122
0,799645122
0,799645122
0,799645122
0,812773223
0,786508115
0,773362364
0,747045262
0,720695078
0,707507972
0,681110506
0,588491273
0,482257201
0,389023141
0,282216363
0,175207545
0,081464335
0,121649358
0,161820746
0,215355048
0,255480338
0,308939766
0,34899878
0,40235624
0,455643093
0,508850234
0,575233002
0,628226858
0,681110506
0,681110506
0,694313063
0,707507972
0,707507972
0,720695078
0,733874227
0,628226858
0,522138487
0,429009059
0,322296388
0,215355048
0,121649358
0,188592286
0,255480338
0,322296388
0,40235624
0,468952709
0,535421036
0,575233002
0,61498835
0,654683061
0,694313063
0,733874227
0,760208027
0,760208027
0,747045262
0,733874227
0,720695078
0,707507972
0,694313063
0,601743105
0,522138487
0,429009059
0,335649439
0,242107938
0,161820746
0,242107938
0,322296388
0,40235624
0,482257201
0,56196844
0,641458479
0,654683061
0,667900454
0,681110506
0,694313063
0,720695078
0,733874227
0,720695078
0,707507972
0,694313063
0,681110506
0,667900454
0,654683061
0,575233002
0,508850234
0,442328495
0,375685771
0,295579711
0,228732795
0,268849859
0,308939766
0,34899878
0,389023141
0,429009059
0,468952709
0,468952709
0,482257201
0,482257201
0,482257201
0,482257201
0,482257201
0,468952709
0,455643093
0,455643093
0,442328495
0,429009059
0,415684926
0,362344271
0,322296388
0,268849859
0,228732795
0,175207545
0,135041516
0,161820746
0,188592286
0,215355048
0,255480338
0,282216363
0,308939766
0,322296388
0,322296388
0,335649439
0,335649439
0,34899878
0,34899878
0,389023141
0,442328495
0,482257201
0,522138487
0,56196844
0,601743105
0,56196844
0,508850234
0,455643093
0,415684926
0,362344271
0,308939766
0,34899878
0,375685771
0,40235624
0,442328495
0,468952709
0,508850234
0,522138487
0,535421036
0,548697736
0,56196844
0,588491273
0,601743105
0,601743105
0,601743105
0,601743105
0,61498835
0,61498835
0,61498835
0,575233002
0,535421036
0,495556424
0,455643093
0,415684926
0,375685771
0,442328495
0,508850234
0,56196844
0,628226858
0,681110506
0,747045262
0,773362364
0,799645122
0,825892258
0,865193346
0,891345751
0,917457953
0,904406961
0,87827449
0,865193346
0,852102483
0,825892258
0,812773223
0,773362364
0,720695078
0,681110506
0,641458479
0,588491273
0,548697736
0,548697736
0,548697736
0,56196844
0,56196844
0,56196844
0,56196844
0,56196844
0,56196844
0,56196844
0,56196844
0,56196844
0,56196844
0,548697736
0,548697736
0,548697736
0,548697736
0,535421036
0,535421036
0,495556424
0,468952709
0,429009059
0,389023141
0,362344271
0,322296388
0,415684926
0,508850234
0,601743105
0,694313063
0,786508115
0,865193346
0,917457953
0,969556354
1,021477593
1,073210428
1,124743308
1,176064351
1,201641626
1,227161324
1,252621857
1,278021612
1,303358948
1,328632197
1,227161324
1,111879478
1,008514502
0,904406961
0,799645122
0,694313063
0,812773223
0,943528607
1,073210428
1,201641626
1,328632197
1,441522615
1,453976793
1,478828884
1,491226326
1,503604382
1,51596281
1,528301368
1,540619811
1,540619811
1,552917889
1,565195354
1,577451952
1,589687428
1,429049993
1,265329434
1,111879478
0,943528607
0,786508115
0,61498835
0,694313063
0,773362364
0,852102483
0,930498558
1,008514502
1,086112852
1,060295509
1,034428911
1,008514502
0,982553707
0,969556354
0,943528607
0,917457953
0,891345751
0,865193346
0,839002065
0,812773223
0,786508115
0,733874227
0,681110506
0,628226858
0,575233002
0,508850234
0,455643093
0,468952709
0,482257201
0,495556424
0,508850234
0,522138487
0,522138487
0,522138487
0,522138487
0,508850234
0,508850234
0,495556424
0,495556424
0,495556424
0,495556424
0,495556424
0,495556424
0,495556424
0,495556424
0,468952709
0,442328495
0,415684926
0,389023141
0,375685771
0,34899878
0,362344271
0,375685771
0,40235624
0,415684926
0,429009059
0,455643093
0,482257201
0,522138487
0,56196844
0,588491273
0,628226858
0,654683061
0,694313063
0,720695078
0,747045262
0,773362364
0,799645122
0,825892258
0,786508115
0,733874227
0,681110506
0,628226858
0,575233002
0,522138487
0,575233002
0,628226858
0,681110506
0,733874227
0,786508115
0,839002065
0,865193346
0,904406961
0,930498558
0,95654793
0,982553707
1,021477593
1,047368276
1,086112852
1,124743308
1,150431065
1,188860087
1,227161324
1,073210428
0,917457953
0,760208027
0,61498835
0,455643093
0,295579711
0,415684926
0,522138487
0,641458479
0,747045262
0,865193346
0,982553707
1,008514502
1,047368276
1,086112852
1,124743308
1,163254613
1,188860087
1,21440877
1,227161324
1,252621857
1,265329434
1,290698186
1,303358948
1,188860087
1,073210428
0,95654793
0,825892258
0,707507972
0,588491273
0,628226858
0,681110506
0,733874227
0,773362364
0,825892258
0,87827449
0,87827449
0,87827449
0,891345751
0,891345751
0,891345751
0,904406961
0,891345751
0,891345751
0,891345751
0,891345751
0,891345751
0,87827449
0,839002065
0,799645122
0,747045262
0,707507972
0,667900454
0,61498835
0,628226858
0,654683061
0,667900454
0,681110506
0,694313063
0,720695078
0,733874227
0,747045262
0,760208027
0,773362364
0,799645122
0,812773223
0,812773223
0,812773223
0,812773223
0,825892258
0,825892258
0,825892258
0,799645122
0,760208027
0,720695078
0,694313063
0,654683061
0,628226858
0,667900454
0,707507972
0,760208027
0,799645122
0,839002065
0,891345751
0,891345751
0,904406961
0,917457953
0,930498558
0,930498558
0,943528607
0,943528607
0,943528607
0,95654793
0,95654793
0,95654793
0,95654793
0,930498558
0,891345751
0,865193346
0,839002065
0,812773223
0,786508115
0,825892258
0,87827449
0,930498558
0,982553707
1,021477593
1,073210428
1,111879478
1,150431065
1,188860087
1,21440877
1,252621857
1,290698186
1,290698186
1,290698186
1,290698186
1,290698186
1,278021612
1,278021612
1,227161324
1,163254613
1,111879478
1,047368276
0,982553707
0,930498558
0,995539815
1,060295509
1,124743308
1,188860087
1,252621857
1,303358948
1,328632197
1,353839665
1,366418194
1,391523749
1,416559156
1,429049993
1,429049993
1,416559156
1,404050333
1,404050333
1,391523749
1,378979629
1,278021612
1,163254613
1,047368276
0,930498558
0,825892258
0,707507972
0,786508115
0,865193346
0,943528607
1,021477593
1,099002597
1,176064351
1,188860087
1,201641626
1,201641626
1,21440877
1,227161324
1,239899086
1,21440877
1,201641626
1,188860087
1,176064351
1,163254613
1,150431065
1,073210428
1,008514502
0,930498558
0,865193346
0,786508115
0,720695078
0,773362364
0,839002065
0,904406961
0,95654793
1,021477593
1,073210428
1,188860087
1,290698186
1,391523749
1,491226326
1,589687428
1,686779412
1,722808114
1,77050354
1,806007631
1,841273274
1,876291905
1,911054675
1,876291905
1,841273274
1,806007631
1,77050354
1,734769285
1,698812891
1,746705777
1,782364214
1,829545076
1,864647014
1,911054675
1,945552427
1,956991156
1,968399031
1,979775686
1,991120754
2,002433865
2,01371464
2,024962699
2,024962699
2,036177657
2,036177657
2,047359123
2,058506702
1,968399031
1,88790837
1,806007631
1,710822553
1,62626454
1,528301368
1,614093984
1,686779412
1,77050354
1,852974027
1,922583833
2,002433865
2,002433865
2,01371464
2,024962699
2,036177657
2,047359123
2,058506702
2,024962699
2,002433865
1,968399031
1,934083201
1,911054675
1,876291905
1,794199014
1,698812891
1,614093984
1,51596281
1,429049993
1,328632197
1,341244261
1,366418194
1,378979629
1,391523749
1,404050333
1,416559156
1,429049993
1,441522615
1,453976793
1,466412294
1,478828884
1,491226326
1,441522615
1,391523749
1,341244261
1,290698186
1,252621857
1,201641626
1,163254613
1,1375939
1,111879478
1,073210428
1,047368276
1,021477593
0,95654793
0,87827449
0,812773223
0,747045262
0,681110506
0,61498835
0,601743105
0,588491273
0,575233002
0,56196844
0,548697736
0,535421036
0,575233002
0,601743105
0,641458479
0,681110506
0,707507972
0,747045262
0,720695078
0,694313063
0,667900454
0,628226858
0,601743105
0,575233002
0,628226858
0,667900454
0,707507972
0,760208027
0,799645122
0,839002065
0,969556354
1,086112852
1,21440877
1,341244261
1,453976793
1,577451952
1,638412929
1,698812891
1,758617294
1,817789757
1,876291905
1,934083201
1,899496073
1,876291905
1,841273274
1,817789757
1,782364214
1,758617294
1,794199014
1,829545076
1,876291905
1,911054675
1,945552427
1,979775686
2,002433865
2,024962699
2,036177657
2,058506702
2,080698597
2,102750082
2,124657819
2,146418384
2,178775578
2,200152652
2,23191732
2,252887498
2,200152652
2,135556716
2,069619995
2,002433865
1,934083201
1,864647014
1,911054675
1,956991156
2,01371464
2,058506702
2,102750082
2,146418384
2,146418384
2,157242383
2,157242383
2,168028266
2,168028266
2,178775578
2,157242383
2,124657819
2,102750082
2,069619995
2,047359123
2,01371464
1,979775686
1,945552427
1,911054675
1,876291905
1,841273274
1,806007631
1,841273274
1,876291905
1,911054675
1,945552427
1,979775686
2,01371464
2,002433865
1,991120754
1,968399031
1,934083201
1,911054675
1,88790837
1,864647014
1,829545076
1,806007631
1,852974027
1,864647014
1,911054675
1,864647014
1,722808114
1,528301368
1,429049993
1,316003688
1,265329434
1,290698186
1,404050333
1,589687428
1,758617294
1,864647014
1,899496073
1,968399031
2,01371464
2,036177657
2,113722131
2,102750082
2,080698597
2,047359123
2,002433865
1,945552427
1,956991156
1,934083201
1,817789757
1,674722399
1,478828884
1,316003688
1,163254613
1,060295509
1,047368276
0,95654793
1,047368276
1,1375939
1,201641626
1,239899086
1,201641626
1,278021612
1,341244261
1,366418194
1,429049993
1,466412294
1,441522615
1,466412294
1,51596281
1,453976793
1,378979629
1,341244261
1,278021612
1,252621857
1,252621857
1,201641626
1,150431065
1,021477593
0,995539815
1,021477593
1,034428911
1,073210428
1,1375939
1,150431065
1,150431065
1,176064351
1,188860087
1,176064351
1,176064351
1,163254613
1,188860087
1,188860087
1,21440877
1,265329434
1,265329434
1,21440877
1,21440877
1,265329434
1,21440877
1,176064351
1,150431065
1,124743308
1,1375939
1,124743308
1,124743308
1,099002597
1,060295509
1,086112852
1,1375939
1,201641626
1,290698186
1,341244261
1,366418194
1,378979629
1,378979629
1,404050333
1,429049993
1,478828884
1,491226326
1,528301368
1,540619811
1,614093984
1,577451952
1,552917889
1,466412294
1,328632197
1,316003688
1,21440877
1,265329434
1,366418194
1,466412294
1,540619811
1,589687428
1,686779412
1,698812891
1,746705777
1,806007631
1,829545076
1,77050354
1,817789757
1,758617294
1,746705777
1,817789757
1,746705777
1,62626454
1,66264213
1,540619811
1,353839665
1,111879478
0,891345751
0,839002065
0,891345751
0,969556354
1,278021612
1,453976793
1,51596281
1,552917889
1,577451952
1,552917889
1,589687428
1,614093984
1,62626454
1,601901525
1,552917889
1,51596281
1,614093984
1,601901525
1,552917889
1,478828884
1,404050333
1,303358948
1,124743308
0,995539815
0,982553707
0,95654793
0,930498558
0,982553707
1,099002597
1,1375939
1,1375939
1,099002597
1,021477593
1,008514502
0,982553707
0,969556354
0,982553707
0,982553707
1,021477593
1,021477593
0,982553707
0,943528607
0,917457953
0,904406961
0,87827449
0,852102483
0,799645122
0,747045262
0,681110506
0,654683061
0,667900454
0,681110506
0,694313063
0,707507972
0,707507972
0,720695078
0,720695078
0,733874227
0,720695078
0,733874227
0,747045262
0,760208027
0,760208027
0,773362364
0,799645122
0,786508115
0,786508115
0,786508115
0,773362364
0,747045262
0,707507972
0,641458479
0,628226858
0,61498835
0,641458479
0,641458479
0,601743105
0,641458479
0,628226858
0,641458479
0,601743105
0,654683061
0,799645122
0,87827449
0,943528607
0,95654793
1,021477593
1,008514502
1,060295509
1,060295509
1,073210428
0,995539815
0,930498558
0,825892258
0,707507972
0,61498835
0,601743105
0,654683061
0,641458479
0,707507972
0,87827449
0,891345751
0,891345751
0,87827449
0,891345751
0,87827449
0,87827449
0,891345751
0,87827449
1,099002597
1,201641626
1,21440877
1,1375939
0,891345751
0,601743105
0,681110506
0,982553707
1,150431065
1,1375939
1,124743308
1,111879478
1,099002597
1,111879478
1,124743308
1,1375939
1,124743308
1,1375939
1,1375939
1,201641626
1,252621857
1,252621857
1,265329434
1,265329434
1,252621857
1,252621857
1,239899086
1,201641626
1,099002597
1,034428911
1,008514502
0,943528607
0,917457953
0,865193346
0,786508115
0,773362364
0,747045262
0,733874227
0,760208027
0,799645122
0,825892258
0,825892258
0,812773223
0,799645122
0,812773223
0,812773223
0,839002065
0,904406961
0,917457953
0,904406961
0,930498558
0,930498558
0,917457953
0,917457953
0,917457953
0,917457953
0,865193346
0,825892258
0,839002065
0,852102483
0,87827449
0,943528607
1,176064351
1,265329434
1,328632197
1,378979629
1,404050333
1,416559156
1,429049993
1,416559156
1,391523749
1,391523749
1,366418194
1,441522615
1,528301368
1,51596281
1,552917889
1,491226326
1,404050333
1,303358948
1,150431065
1,034428911
0,969556354
0,930498558
0,943528607
0,917457953
0,930498558
0,930498558
0,917457953
0,799645122
0,760208027
0,799645122
0,891345751
0,95654793
1,021477593
1,060295509
1,111879478
1,124743308
1,124743308
1,099002597
1,021477593
0,904406961
0,720695078
0,575233002
0,455643093
0,389023141
0,335649439
0,295579711
0,308939766
0,34899878
0,442328495
0,56196844
0,654683061
0,707507972
0,747045262
0,786508115
0,812773223
0,852102483
0,839002065
0,87827449
0,904406961
0,87827449
0,87827449
0,930498558
0,95654793
1,021477593
1,008514502
1,047368276
1,099002597
1,239899086
1,303358948
1,453976793
1,589687428
1,614093984
1,577451952
1,674722399
1,722808114
1,734769285
1,758617294
1,746705777
1,758617294
1,710822553
1,746705777
1,734769285
1,686779412
1,77050354
1,806007631
1,817789757
1,852974027
1,864647014
1,864647014
1,852974027
1,794199014
1,77050354
1,601901525
1,540619811
1,503604382
1,51596281
1,589687428
1,674722399
1,710822553
1,686779412
1,601901525
1,601901525
1,638412929
1,650538882
1,650538882
1,66264213
1,638412929
1,589687428
1,565195354
1,552917889
1,540619811
1,503604382
1,429049993
1,366418194
1,290698186
1,201641626
1,227161324
1,441522615
1,453976793
1,378979629
1,328632197
1,341244261
1,341244261
1,328632197
1,466412294
1,565195354
1,577451952
1,601901525
1,62626454
1,62626454
1,614093984
1,638412929
1,674722399
1,698812891
1,698812891
1,710822553
1,686779412
1,66264213
1,62626454
1,51596281
1,429049993
1,404050333
1,552917889
1,589687428
1,552917889
1,528301368
1,66264213
1,66264213
1,674722399
1,638412929
1,565195354
1,503604382
1,466412294
1,478828884
1,565195354
1,614093984
1,674722399
1,722808114
1,722808114
1,710822553
1,722808114
1,829545076
1,817789757
1,734769285
1,62626454
1,577451952
1,577451952
1,62626454
1,710822553
1,782364214
1,817789757
1,841273274
1,899496073
1,899496073
1,829545076
1,782364214
1,852974027
1,88790837
1,922583833
1,911054675
1,956991156
1,991120754
2,01371464
2,058506702
2,058506702
2,091742097
2,069619995
1,979775686
1,956991156
1,922583833
1,934083201
1,968399031
1,979775686
1,979775686
1,991120754
1,979775686
1,956991156
2,036177657
2,080698597
2,091742097
2,113722131
2,113722131
2,124657819
2,135556716
2,146418384
2,135556716
2,058506702
1,991120754
2,01371464
2,047359123
2,069619995
2,01371464
1,979775686
2,002433865
2,01371464
2,036177657
2,036177657
2,024962699
1,991120754
1,979775686
1,945552427
1,922583833
1,922583833
1,945552427
2,036177657
2,080698597
2,102750082
2,058506702
2,080698597
2,058506702
2,058506702
2,047359123
2,102750082
2,113722131
2,069619995
2,024962699
1,945552427
1,922583833
1,956991156
1,979775686
1,991120754
2,01371464
2,080698597
2,113722131
2,113722131
2,146418384
2,242423365
2,273688013
2,294314761
2,252887498
2,23191732
2,221369861
2,200152652
2,146418384
2,113722131
2,102750082
2,091742097
2,102750082
2,058506702
2,024962699
1,991120754
1,979775686
1,956991156
1,899496073
1,899496073
1,876291905
1,88790837
1,899496073
1,911054675
1,922583833
1,899496073
1,876291905
1,864647014
1,852974027
1,852974027
1,817789757
1,806007631
1,794199014
1,794199014
1,794199014
1,817789757
1,794199014
1,817789757
1,852974027
1,841273274
1,841273274
1,841273274
1,852974027
1,876291905
1,864647014
1,88790837
1,991120754
2,069619995
2,124657819
2,189483862
2,242423365
2,304561659
2,335029972
2,365078023
2,480746117
2,490036301
2,404461358
2,273688013
2,146418384
2,01371464
1,88790837
1,852974027
1,77050354
1,698812891
1,601901525
1,429049993
1,378979629
1,429049993
1,453976793
1,441522615
1,491226326
1,565195354
1,62626454
1,686779412
1,698812891
1,674722399
1,62626454
1,528301368
1,453976793
1,328632197
1,188860087
1,1375939
1,060295509
1,021477593
0,969556354
0,930498558
0,852102483
0,799645122
0,760208027
0,760208027
0,733874227
0,694313063
0,733874227
0,720695078
0,747045262
0,733874227
0,720695078
0,694313063
0,707507972
0,733874227
0,773362364
0,799645122
0,812773223
0,799645122
0,812773223
0,825892258
0,891345751
0,930498558
0,995539815
1,008514502
0,982553707
0,930498558
0,95654793
1,008514502
1,034428911
1,034428911
1,111879478
1,124743308
1,111879478
1,099002597
1,111879478
1,099002597
1,150431065
1,239899086
1,227161324
1,239899086
1,290698186
1,239899086
1,188860087
1,150431065
1,124743308
1,111879478
1,099002597
1,086112852
1,047368276
1,073210428
1,060295509
1,086112852
1,124743308
1,176064351
1,188860087
1,176064351
1,163254613
1,163254613
1,188860087
1,252621857
1,265329434
1,278021612
1,278021612
1,278021612
1,290698186
1,303358948
1,303358948
1,290698186
1,265329434
1,252621857
1,252621857
1,21440877
1,21440877
1,239899086
1,252621857
1,290698186
1,303358948
1,303358948
1,303358948
1,303358948
1,290698186
1,290698186
1,303358948
1,303358948
1,416559156
1,51596281
1,62626454
1,734769285
1,841273274
1,934083201
2,036177657
2,036177657
2,036177657
2,024962699
1,956991156
1,876291905
1,794199014
1,710822553
1,638412929
1,552917889
1,565195354
1,577451952
1,589687428
1,601901525
1,62626454
1,638412929
1,650538882
1,66264213
1,686779412
1,698812891
1,722808114
1,734769285
1,746705777
1,746705777
1,758617294
1,758617294
1,77050354
1,782364214
1,734769285
1,686779412
1,650538882
1,601901525
1,552917889
1,503604382
1,528301368
1,540619811
1,552917889
1,565195354
1,589687428
1,601901525
1,589687428
1,577451952
1,577451952
1,565195354
1,552917889
1,540619811
1,528301368
1,503604382
1,478828884
1,453976793
1,441522615
1,416559156
1,378979629
1,328632197
1,290698186
1,252621857
1,201641626
1,163254613
1,176064351
1,201641626
1,21440877
1,227161324
1,239899086
1,265329434
1,290698186
1,316003688
1,341244261
1,378979629
1,404050333
1,429049993
1,429049993
1,429049993
1,429049993
1,416559156
1,416559156
1,416559156
1,441522615
1,466412294
1,491226326
1,528301368
1,552917889
1,577451952
1,638412929
1,710822553
1,77050354
1,841273274
1,899496073
1,968399031
1,991120754
2,01371464
2,036177657
2,058506702
2,080698597
2,113722131
2,091742097
2,069619995
2,047359123
2,024962699
2,002433865
1,979775686
1,956991156
1,934083201
1,911054675
1,88790837
1,852974027
1,829545076
1,864647014
1,899496073
1,922583833
1,956991156
1,991120754
2,024962699
1,979775686
1,945552427
1,911054675
1,876291905
1,829545076
1,794199014
1,758617294
1,722808114
1,686779412
1,638412929
1,601901525
1,565195354
1,528301368
1,491226326
1,466412294
1,429049993
1,391523749
1,353839665
1,341244261
1,328632197
1,328632197
1,316003688
1,303358948
1,290698186
1,353839665
1,404050333
1,466412294
1,51596281
1,565195354
1,62626454
1,686779412
1,746705777
1,817789757
1,876291905
1,934083201
2,002433865
2,01371464
2,024962699
2,036177657
2,058506702
2,069619995
2,080698597
2,091742097
2,091742097
2,091742097
2,091742097
2,102750082
2,102750082
2,080698597
2,058506702
2,036177657
2,002433865
1,979775686
1,956991156
2,002433865
2,047359123
2,080698597
2,124657819
2,168028266
2,210781477
2,210781477
2,210781477
2,210781477
2,210781477
2,221369861
2,221369861
2,263309217
2,314763525
2,365078023
2,414181625
2,461998082
2,499269658
2,535620365
2,562250581
2,596873569
2,630437604
2,654881925
2,686454942
2,662886324
2,646805043
2,630437604
2,605365995
2,588314975
2,562250581
2,526621571
2,499269658
2,461998082
2,423850424
2,39469025
2,355109649
2,39469025
2,423850424
2,461998082
2,499269658
2,535620365
2,562250581
2,596873569
2,622148893
2,654881925
2,678673818
2,70933565
2,731500258
2,686454942
2,630437604
2,579691059
2,517563025
2,461998082
2,39469025
2,324919813
2,252887498
2,178775578
2,113722131
2,036177657
1,956991156
1,956991156
1,968399031
1,968399031
1,979775686
1,979775686
1,991120754
2,01371464
2,036177657
2,058506702
2,069619995
2,091742097
2,113722131
2,091742097
2,069619995
2,047359123
2,024962699
1,991120754
1,968399031
2,002433865
2,036177657
2,069619995
2,102750082
2,135556716
2,168028266
2,221369861
2,273688013
2,324919813
2,365078023
2,414181625
2,461998082
2,490036301
2,526621571
2,553435647
2,588314975
2,613791394
2,638656626
2,605365995
2,571002654
2,535620365
2,499269658
2,461998082
2,423850424
2,355109649
2,284023369
2,210781477
2,135556716
2,058506702
1,979775686
2,01371464
2,047359123
2,080698597
2,102750082
2,135556716
2,168028266
2,221369861
2,273688013
2,324919813
2,374997977
2,423850424
2,471399813
2,461998082
2,452541608
2,443031066
2,43346712
2,423850424
2,404461358
2,43346712
2,452541608
2,471399813
2,490036301
2,508445475
2,526621571
2,571002654
2,622148893
2,662886324
2,70933565
2,745864254
2,786874548
2,812380915
2,842050596
2,863902291
2,888695947
2,90637997
2,925599437
2,922383754
2,890837033
2,866211533
2,840714382
2,80528828
2,77758668
2,79616519
2,814303004
2,832014353
2,849312854
2,866211533
2,890837033
2,840714382
2,79616519
2,748859856
2,688113889
2,633854565
2,575957084
2,551701807
2,539327231
2,526783788
2,514068194
2,488106974
2,474854332
2,488106974
2,501177077
2,514068194
2,526783788
2,539327231
2,551701807
2,611150947
2,677537547
2,729112948
2,786931937
2,832014353
2,87451486
2,832014353
2,786931937
2,729112948
2,677537547
2,622576795
2,551701807
2,622576795
2,688113889
2,73904733
2,79616519
2,849312854
2,898858803
2,910486919
2,863902291
2,806147708
2,738724247
2,662886324
2,579691059
2,535620365
2,499269658
2,461998082
2,414181625
2,374997977
2,324919813
2,34509344
2,355109649
2,374997977
2,38486892
2,404461358
2,414181625
2,39469025
2,374997977
2,34509344
2,324919813
2,304561659
2,284023369
2,242423365
2,200152652
2,157242383
2,124657819
2,080698597
2,036177657
2,036177657
2,036177657
2,024962699
2,024962699
2,024962699
2,01371464
2,002433865
1,991120754
1,968399031
1,956991156
1,945552427
1,922583833
1,899496073
1,864647014
1,841273274
1,806007631
1,77050354
1,746705777
1,686779412
1,62626454
1,565195354
1,503604382
1,441522615
1,391523749
1,353839665
1,316003688
1,290698186
1,252621857
1,21440877
1,188860087
1,201641626
1,21440877
1,227161324
1,239899086
1,252621857
1,265329434
1,278021612
1,290698186
1,303358948
1,303358948
1,316003688
1,328632197
1,328632197
1,328632197
1,316003688
1,316003688
1,316003688
1,316003688
1,316003688
1,316003688
1,328632197
1,328632197
1,328632197
1,341244261
1,366418194
1,391523749
1,416559156
1,441522615
1,466412294
1,491226326
1,540619811
1,589687428
1,638412929
1,686779412
1,734769285
1,794199014
1,817789757
1,841273274
1,864647014
1,88790837
1,911054675
1,934083201
1,899496073
1,864647014
1,829545076
1,806007631
1,77050354
1,734769285
1,806007631
1,876291905
1,934083201
2,002433865
2,069619995
2,124657819
2,189483862
2,242423365
2,294314761
2,355109649
2,404461358
2,461998082
2,34509344
2,221369861
2,102750082
1,968399031
1,829545076
1,698812891
1,66264213
1,638412929
1,601901525
1,577451952
1,540619811
1,51596281
1,466412294
1,416559156
1,378979629
1,328632197
1,278021612
1,239899086
1,252621857
1,265329434
1,278021612
1,290698186
1,303358948
1,328632197
1,391523749
1,453976793
1,51596281
1,589687428
1,650538882
1,710822553
1,746705777
1,782364214
1,806007631
1,841273274
1,876291905
1,899496073
1,922583833
1,945552427
1,968399031
1,991120754
2,002433865
2,024962699
2,002433865
1,968399031
1,945552427
1,922583833
1,88790837
1,864647014
1,829545076
1,794199014
1,758617294
1,722808114
1,686779412
1,650538882
1,638412929
1,62626454
1,601901525
1,589687428
1,577451952
1,565195354
1,552917889
1,552917889
1,552917889
1,552917889
1,552917889
1,552917889
1,577451952
1,601901525
1,638412929
1,66264213
1,686779412
1,722808114
1,722808114
1,734769285
1,746705777
1,746705777
1,758617294
1,758617294
1,734769285
1,710822553
1,686779412
1,66264213
1,638412929
1,614093984
1,614093984
1,601901525
1,589687428
1,589687428
1,577451952
1,565195354
1,565195354
1,552917889
1,540619811
1,528301368
1,51596281
1,503604382
1,478828884
1,441522615
1,404050333
1,378979629
1,341244261
1,303358948
1,290698186
1,290698186
1,278021612
1,265329434
1,265329434
1,252621857
1,265329434
1,278021612
1,290698186
1,303358948
1,303358948
1,316003688
1,328632197
1,341244261
1,353839665
1,353839665
1,366418194
1,378979629
1,378979629
1,391523749
1,404050333
1,416559156
1,429049993
1,429049993
1,416559156
1,404050333
1,391523749
1,366418194
1,353839665
1,341244261
1,341244261
1,341244261
1,341244261
1,341244261
1,341244261
1,341244261
1,341244261
1,341244261
1,353839665
1,353839665
1,353839665
1,366418194
1,378979629
1,391523749
1,404050333
1,416559156
1,429049993
1,441522615
1,441522615
1,429049993
1,429049993
1,429049993
1,429049993
1,429049993
1,441522615
1,453976793
1,478828884
1,491226326
1,51596281
1,528301368
1,540619811
1,552917889
1,565195354
1,577451952
1,589687428
1,601901525
1,614093984
1,62626454
1,638412929
1,650538882
1,66264213
1,66264213
1,674722399
1,674722399
1,686779412
1,686779412
1,698812891
1,698812891
1,710822553
1,722808114
1,722808114
1,734769285
1,746705777
1,746705777
1,77050354
1,782364214
1,794199014
1,806007631
1,817789757
1,841273274
1,852974027
1,864647014
1,88790837
1,899496073
1,911054675
1,934083201
1,934083201
1,934083201
1,934083201
1,945552427
1,945552427
1,945552427
1,956991156
1,968399031
1,979775686
1,991120754
2,002433865
2,01371464
2,036177657
2,047359123
2,058506702
2,069619995
2,080698597
2,091742097
2,091742097
2,080698597
2,080698597
2,080698597
2,069619995
2,069619995
2,047359123
2,024962699
2,002433865
1,979775686
1,956991156
1,945552427
1,945552427
1,945552427
1,956991156
1,956991156
1,956991156
1,968399031
1,968399031
1,968399031
1,968399031
1,968399031
1,968399031
1,979775686
1,968399031
1,968399031
1,968399031
1,968399031
1,968399031
1,968399031
1,956991156
1,956991156
1,956991156
1,956991156
1,945552427
1,945552427
1,979775686
2,002433865
2,036177657
2,058506702
2,080698597
2,113722131
2,124657819
2,135556716
2,036177657
1,945552427
1,841273274