1 1000
dateformat ymd
dateseparator -
date 2018-01-01
-88.5
-106.3
-120.0
-128.3
-136.3
-137.5
-134.5
-128.5
-100.8
-91.3
-81.5
-74.3
-66.8
-69.0
-84.0
-91.5
-92.8
-93.3
-79.3
-69.8
-68.3
-72.0
-74.5
-70.3
-88.3
-93.3
-98.3
-100.3
-102.0
-99.3
-97.8
-97.5
-59.0
-36.0
-33.8
-31.5
-32.8
-37.3
-53.5
-64.5
-72.3
-79.3
-75.0
-72.5
-78.0
-88.5
-100.5
-104.0
-127.0
-136.8
-143.8
-147.3
-153.5
-153.3
-152.5
-151.8
-105.3
-60.5
-57.3
-51.5
-48.8
-51.8
-65.5
-72.5
-77.3
-81.5
-73.0
-70.8
-76.3
-87.5
-101.3
-110.0
-134.8
-144.5
-156.3
-164.3
-172.3
-174.8
-177.0
-178.8
-132.3
-78.3
-73.8
-68.3
-64.3
-64.3
-75.5
-86.5
-91.8
-93.5
-80.0
-76.3
-80.0
-90.5
-104.8
-114.5
-141.0
-151.3
-161.0
-173.8
-188.3
-192.0
-194.3
-195.5
-135.0
-74.3
-66.0
-59.0
-53.3
-54.0
-66.3
-78.0
-79.5
-79.0
-67.3
-62.0
-61.3
-63.8
-67.0
-65.0
-83.0
-90.3
-97.0
-99.0
-101.8
-99.8
-98.3
-97.5
-94.8
-90.0
-83.3
-82.3
-74.8
-73.5
-83.0
-87.8
-88.5
-88.5
-72.0
-62.5
-61.8
-66.8
-72.3
-72.0
-92.3
-99.0
-105.8
-107.5
-109.5
-107.8
-107.0
-107.5
-102.8
-97.8
-91.3
-87.5
-80.8
-80.3
-91.0
-97.8
-99.8
-101.3
-85.5
-76.0
-75.5
-80.5
-85.8
-84.5
-104.5
-112.5
-119.8
-122.3
-122.8
-119.5
-116.5
-114.0
-106.8
-100.0
-91.0
-87.3
-82.0
-83.3
-96.0
-104.0
-106.0
-107.5
-92.0
-82.3
-82.0
-87.5
-92.3
-92.3
-113.5
-122.3
-130.8
-134.3
-137.0
-134.8
-133.3
-132.0
-127.0
-122.8
-119.0
-114.5
-108.3
-104.3
-114.5
-123.3
-125.0
-125.0
-108.3
-97.5
-96.5
-100.5
-105.8
-104.3
-121.8
-128.0
-133.5
-134.5
-135.3
-131.5
-128.3
-126.5
-120.3
-111.3
-100.8
-94.0
-85.3
-86.5
-104.5
-116.8
-121.8
-123.8
-108.5
-98.3
-99.8
-105.8
-111.5
-111.5
-131.5
-139.8
-147.3
-149.5
-151.8
-149.3
-148.8
-149.8
-143.5
-135.5
-127.0
-118.3
-114.3
-113.0
-125.8
-131.8
-133.0
-132.8
-112.5
-98.3
-95.8
-97.5
-101.3
-98.8
-116.5
-122.8
-128.5
-129.8
-130.5
-126.0
-123.8
-123.3
-114.5
-109.0
-103.5
-100.5
-93.3
-93.8
-106.3
-114.5
-114.0
-113.5
-97.3
-86.0
-85.0
-88.8
-93.3
-91.3
-109.3
-115.0
-120.3
-121.5
-122.5
-119.5
-118.5
-119.3
-114.8
-108.8
-89.3
-78.3
-64.0
-71.5
-94.8
-109.3
-113.8
-115.8
-100.5
-91.5
-92.5
-99.3
-105.5
-105.0
-124.3
-131.8
-139.0
-141.8
-144.3
-141.8
-140.0
-139.3
-132.3
-123.8
-113.0
-107.5
-101.3
-103.0
-117.0
-125.0
-127.3
-128.8
-112.3
-101.0
-100.8
-105.3
-110.5
-110.8
-130.3
-137.3
-144.0
-145.0
-146.0
-142.3
-139.5
-139.0
-127.5
-113.5
-87.0
-58.0
-50.5
-51.0
-67.3
-87.0
-96.5
-104.0
-93.8
-88.3
-91.0
-98.5
-106.5
-107.3
-125.0
-130.0
-134.0
-133.8
-135.0
-131.8
-129.0
-127.5
-120.8
-114.8
-107.0
-104.3
-94.5
-91.5
-103.0
-110.5
-111.0
-110.5
-93.8
-88.3
-89.5
-90.5
-93.3
-92.0
-111.5
-117.5
-123.0
-123.3
-124.0
-120.3
-117.8
-115.3
-109.3
-103.0
-95.8
-93.0
-85.3
-83.5
-94.0
-100.8
-102.3
-102.5
-85.8
-76.0
-75.8
-79.5
-82.0
-81.0
-101.5
-108.5
-114.8
-116.3
-118.0
-115.5
-113.0
-111.0
-106.3
-97.3
-83.8
-73.3
-65.5
-65.0
-80.5
-89.3
-91.5
-93.5
-79.0
-70.3
-71.5
-76.8
-81.8
-81.3
-101.8
-110.0
-116.3
-117.3
-118.5
-114.3
-111.0
-109.8
-105.3
-97.8
-89.5
-83.3
-69.0
-64.3
-73.5
-80.3
-80.8
-81.8
-65.5
-57.3
-57.5
-62.0
-66.3
-65.8
-85.5
-93.8
-100.0
-103.3
-106.8
-102.8
-100.5
-99.5
-89.8
-81.8
-76.0
-71.3
-62.8
-61.5
-71.3
-75.5
-74.8
-74.3
-57.0
-46.3
-43.5
-45.8
-48.3
-46.3
-65.8
-72.5
-79.0
-80.8
-83.0
-81.3
-79.3
-78.5
-56.0
-53.3
-51.0
-48.8
-43.5
-40.5
-44.8
-47.5
-46.3
-45.3
-29.5
-21.5
-20.8
-23.3
-27.3
-27.5
-48.5
-56.3
-63.3
-65.8
-70.0
-69.5
-69.0
-69.8
-33.5
-21.0
-21.3
-24.5
-25.5
-26.0
-35.8
-42.3
-44.0
-45.0
-33.3
-27.3
-31.0
-36.0
-39.0
-39.0
-57.3
-63.5
-70.5
-73.0
-74.5
-71.3
-66.8
-63.0
-57.3
-48.5
-35.3
-27.0
-22.0
-23.8
-37.0
-44.5
-46.3
-51.0
-41.0
-33.0
-32.0
-35.3
-38.5
-38.5
-57.3
-65.3
-69.5
-68.8
-68.5
-63.8
-58.8
-53.0
-30.3
-34.0
-29.3
-27.0
-24.3
-26.8
-35.0
-42.5
-43.0
-44.5
-33.0
-28.3
-32.5
-42.8
-52.0
-54.5
-78.3
-89.3
-97.5
-101.8
-105.8
-106.0
-104.3
-104.5
-61.3
-56.5
-50.3
-31.5
-45.5
-43.5
-62.3
-75.0
-77.5
-81.3
-70.0
-60.5
-57.8
-61.0
-68.3
-71.0
-89.3
-91.3
-90.5
-86.8
-81.5
-72.8
-67.0
-61.5
-50.8
-45.5
-35.5
-27.0
-20.3
-25.0
-33.5
-41.8
-44.5
-46.8
-32.5
-24.5
-23.0
-26.8
-33.5
-37.5
-61.5
-71.8
-78.3
-79.3
-79.3
-73.8
-68.8
-65.5
-57.0
-49.3
-40.5
-39.0
-32.5
-34.8
-45.5
-52.5
-53.8
-54.0
-37.8
-28.8
-28.0
-31.8
-35.8
-34.8
-58.0
-69.3
-76.5
-80.3
-85.3
-84.0
-81.3
-80.5
-44.5
-59.8
-53.3
-54.8
-45.5
-37.0
-53.8
-69.5
-78.8
-84.0
-71.5
-63.8
-65.3
-70.5
-76.0
-74.8
-93.3
-101.5
-109.3
-110.3
-109.5
-106.0
-103.5
-101.3
-90.8
-82.5
-72.0
-67.0
-52.5
-65.3
-83.0
-94.8
-100.3
-103.3
-87.0
-77.8
-78.5
-85.8
-91.8
-90.8
-110.0
-118.8
-126.5
-129.8
-132.8
-129.3
-126.3
-125.0
-111.5
-99.8
-94.5
-96.0
-95.5
-99.3
-114.0
-126.3
-130.3
-136.5
-126.5
-120.0
-121.5
-127.8
-134.0
-133.8
-151.8
-160.3
-169.0
-170.8
-169.8
-165.3
-163.0
-163.3
-146.0
-126.5
-70.0
-66.8
-62.8
-66.0
-77.3
-102.0
-121.8
-144.3
-145.0
-136.8
-134.8
-145.0
-153.8
-157.5
-177.5
-187.5
-200.5
-205.3
-207.0
-206.5
-203.5
-196.3
-108.0
-97.5
-79.5
-64.3
-49.8
-57.5
-72.0
-95.3
-103.3
-109.8
-99.3
-93.0
-94.5
-100.5
-107.8
-110.0
-130.5
-139.5
-146.3
-148.0
-150.0
-146.5
-143.3
-140.8
-129.5
-121.3
-110.8
-104.8
-84.5
-89.3
-103.8
-113.8
-116.8
-118.0
-102.0
-90.8
-88.8
-91.8
-94.5
-91.5
-111.0
-118.0
-125.3
-130.0
-131.8
-127.8
-125.8
-124.8
-113.0
-101.5
-85.3
-89.5
-73.3
-79.3
-94.0
-104.0
-110.5
-117.0
-102.5
-93.3
-92.3
-96.8
-101.8
-101.3
-119.8
-126.0
-132.5
-136.3
-138.0
-134.8
-132.8
-130.8
-123.8
-100.8
-44.8
-70.0
-68.5
-81.3
-100.3
-110.3
-110.8
-110.8
-96.3
-86.5
-88.3
-94.0
-101.8
-108.0
-130.8
-137.8
-143.0
-146.0
-147.0
-140.8
-134.8
-132.8
-96.0
-48.8
-42.3
-33.0
-28.5
-42.8
-50.5
-77.3
-88.5
-96.3
-84.8
-79.3
-83.0
-90.8
-96.8
-94.5
-111.8
-116.5
-122.5
-124.0
-125.0
-122.8
-121.8
-121.3
-86.0
-67.5
-67.0
-35.5
-30.8
-35.3
-45.5
-69.0
-80.0
-91.8
-86.0
-79.5
-80.5
-89.5
-98.5
-99.8
-121.3
-130.5
-138.3
-141.3
-145.8
-143.5
-142.5
-142.5
-73.0
-51.8
-37.5
-32.3
-26.3
-34.3
-45.5
-56.3
-61.3
-65.5
-53.8
-51.8
-55.5
-63.5
-74.5
-82.3
-108.0
-119.8
-131.8
-138.8
-144.8
-142.8
-142.0
-143.5
-100.0
-63.0
-50.8
-59.8
-75.0
-76.0
-88.3
-96.8
-100.0
-102.3
-87.5
-79.5
-81.5
-87.8
-93.8
-93.8
-113.5
-121.0
-128.8
-132.0
-134.3
-132.8
-131.3
-130.8
-115.0
-104.8
-102.0
-98.0
-89.5
-82.5
-95.0
-109.3
-114.8
-117.3
-102.3
-93.0
-94.5
-100.3
-106.0
-105.8
-125.8
-134.5
-143.8
-147.8
-151.0
-149.5
-149.5
-148.0
-130.0
-115.0
-93.8
-75.0
-69.8
-74.8
-92.5
-113.3
-123.8
-129.3
-116.3
-108.3
-110.8
-117.3
-123.5
-123.5
-144.8
-155.3
-163.5
-166.3
-169.0
-167.5
-166.5
-162.0
-152.5
-140.3
-123.8
-109.3
-108.8
-114.8
-126.5
-134.5
-135.0
-135.0
-118.5
-106.8
-104.8
-107.0
-109.8
-107.3
-124.0
-129.5
-135.3
-135.5
-134.8
-129.3
-124.8
-116.0
-99.8
-84.5
-62.5
-58.8
-55.5
-60.3
-72.5
-84.3
-86.5
-86.8
-70.0
-61.0
-61.8
-65.5
-70.0
-68.0
-86.5
-94.3
-101.3
-102.3
-102.3
-97.8
-94.5
-88.8
-79.3
-68.3
-61.5
-57.0
-52.3
-56.5
-69.3
-79.8
-82.0
-84.0
-69.3
-60.5
-59.8
-63.3
-66.8
-64.5
-81.3
-86.3
-92.3
-94.3
-96.0
-92.8
-90.8
-64.5
-46.0
-35.5
-24.8
-16.5
-13.3
-15.5
-23.3
-33.3
-40.3
-46.5
-36.8
-32.0
-33.8
-39.3
-45.3
-48.0
-69.5
-77.8
-85.0
-88.8
-92.0
-90.5
-87.8
-80.8
-76.8
-64.5
-56.8
-34.0
-22.8
-32.3
-40.0
-53.5
-62.0
-66.3
-54.5
-49.8
-56.5
-65.5
-72.3
-71.3
-88.0
-94.8
-102.3
-105.3
-107.5
-105.0
-103.5
-92.5
-81.5
-59.8
-37.0
-16.8
-13.8
-14.0
-23.3
-36.5
-44.5
-54.5
-46.0
-41.5
-42.8
-48.5
-54.5
-56.0
-76.8
-86.0
-95.0
-98.5
-101.8
-99.5
-96.8
-79.3
-50.3
-30.3
-18.0
-13.5
-10.3
-10.8
-14.8
-21.0
-27.5
-34.0
-27.8
-26.5
-30.8
-38.5
-47.5
-51.8
-74.8
-83.8
-95.3
-103.0
-110.8
-111.8
-111.5
-77.3
-46.5
-28.5
-18.0
-12.5
-12.3
-15.0
-24.3
-31.5
-35.8
-37.3
-27.5
-26.0
-26.5
-30.0
-34.0
-33.0
-49.8
-56.0
-63.8
-67.8
-71.0
-69.0
-68.0
-56.0
-42.0
-35.3
-27.3
-22.3
-18.0
-22.5
-31.3
-42.5
-49.3
-54.0
-42.8
-37.0
-38.0
-43.0
-50.0
-57.0
-82.8
-93.0
-103.0
-105.0
-105.5
-100.8
-97.8
-88.3
-76.3
-54.0
-28.3
-24.8
-18.3
-18.8
-26.8
-39.8
-46.3
-50.3
-39.0
-33.3
-33.8
-37.5
-42.3
-43.3
-62.5
-70.8
-78.8
-82.8
-87.0
-85.5
-83.3
-70.0
-53.8
-35.3
-19.8
-20.8
-22.0
-22.8
-34.5
-43.5
-46.5
-47.5
-35.0
-27.5
-27.0
-32.0
-37.3
-39.3
-58.5
-64.5
-72.0
-74.3
-75.3
-71.0
-68.3
-57.3
-48.5
-40.5
-27.3
-22.5
-14.5
-13.3
-20.0
-26.8
-33.5
-37.5
-28.5
-26.3
-28.8
-32.3
-37.8
-41.3
-63.8
-72.5
-80.5
-84.3
-87.5
-86.5
-85.0
-79.5
-70.8
-59.8
-48.5
-46.3
-41.0
-44.5
-56.5
-72.3
-83.5
-89.5
-78.0
-72.3
-74.5
-81.5
-88.8
-89.8
-109.8
-116.5
-122.8
-124.5
-125.3
-120.8
-117.8
-109.5
-99.3
-73.3
-49.8
-44.3
-29.3
-34.5
-49.0
-62.8
-67.3
-67.8
-51.0
-40.0
-38.8
-42.5
-46.5
-43.5
-61.5
-68.3
-72.3
-72.3
-73.5
-71.8
-69.8
-54.0
-32.5
-28.3
-18.0
-21.0
-20.0
-25.5
-34.8
-41.0
-46.3
-49.5
-39.0
-32.3
-32.5
-37.5
-43.0
-45.3
-67.3
-75.8
-83.3
-85.5
-86.8
-83.0
-79.3
-71.8
-66.3
-56.0
-41.5
-41.3
-37.8
-41.3
-55.5
-65.8
-71.5
-74.8
-61.5
-54.0
-54.8
-60.5
-66.8
-68.0
-87.3
-92.8
-97.5
-96.8
-98.8
-98.8
-97.8
-68.5
-42.8
-28.8
-15.8
-14.0
-12.0
-13.5
-18.3
-29.8
-41.8
-49.5
-38.5
-35.8
-39.8
-48.0
-55.5
-56.3
-76.0
-82.8
-90.3
-93.8
-97.3
-96.0
-93.8
-79.8
-66.0
-63.3
-54.5
-55.3
-48.8
-44.8
-58.8
-71.3
-76.8
-79.8
-67.0
-60.3
-63.5
-69.0
-77.0
-78.3
-94.5
-100.5
-107.5
-109.0
-110.5
-108.0
-107.8
-84.0
-66.0
-47.0
-30.0
-23.0
-16.3
-13.5
-17.3
-37.8
-50.3
-67.8
-64.0
-63.8
-70.0
-82.0
-96.3
-101.5
-122.0
-133.3
-141.5
-143.5
-144.8
-144.0
-140.3
-79.0
-64.0
-40.0
-21.3
-16.0
-13.5
-14.0
-19.3
-28.3
-34.5
-40.0
-35.8
-35.5
-36.8
-43.5
-51.0
-51.0
-70.3
-79.3
-88.0
-96.0
-102.5
-104.8
-105.3
-61.8
-41.0
-27.5
-33.0
-32.0
-26.5
-25.3
-28.8
-34.3
-39.3
-43.8
-33.0
-27.8
-28.8
-33.3
-37.8
-35.5
-50.0
-54.5
-60.5
-62.0
-63.8
-60.8
-57.8
-51.3
-47.8
-43.3
-37.0
-34.5
-29.5
-26.3
-31.5
-36.3
-39.3
-41.8
-30.8
-25.3
-25.0
-27.8
-30.3
-29.0
-46.5
-53.3
-61.3
-64.8
-67.3
-65.5
-64.0
-50.8
-32.0
-25.0
-15.3
-14.5
-14.8
-13.3
-15.3
-19.5
-25.5
-29.3
-21.8
-18.5
-19.5
-25.5
-31.3
-29.3
-49.3
-58.3
-65.3
-67.3
-68.5
-65.3
-62.5
-53.0
-48.3
-44.3
-40.8
-39.5
-33.0
-32.0
-43.5
-49.0
-49.8
-49.0
-34.5
-26.3
-23.8
-24.3
-26.8
-24.5
-41.3
-47.3
-53.5
-58.5
-63.5
-61.8
-58.5
-41.5
-24.8
-21.5
-14.5
-13.8
-13.5
-15.0
-21.3
-35.8
-40.3
-42.0
-30.8
-26.5
-28.0
-32.3
-39.0
-39.8
-58.3
-65.5
-75.0
-78.0
-81.0
-79.3
-77.0
-55.5
-34.3
-18.5
-10.0
-8.3
-7.5
-6.8
-9.0
-10.0
-12.0
-13.5
-9.5
-9.3
-9.8
-10.5
-11.8
-7.0
-18.3
-23.3
-30.8
-34.0
-38.0
-36.5
-34.8
-25.0
-17.3
-14.0
-9.8
-6.3
-3.3
-4.8
-8.0
-8.3
-12.8
-14.5
-11.0
-10.8
-12.0
-13.3
-14.0
-7.5
-13.8
-15.3
-19.8
-21.3
-22.5
-21.0
-17.3
-18.5
-18.5
-17.0
-13.3
-13.0
-12.0
-11.3
-12.3
-13.0
-13.8
-13.8
-8.8
-8.5
-8.8
-9.3
-10.0
-3.5
-10.0
-13.0
-18.0
-20.0
-22.3
-20.8
-19.3
-20.8
-19.5
-17.0
-13.3
-12.5
-10.8
-10.5
-10.5
-11.3
-11.8
-12.3
-8.0
-7.8
-8.0
-8.5
-9.0
-2.3
-6.8
-9.3
-13.8
-13.5
-12.0
-10.8
-11.5
-16.8
-18.0
-18.3
-13.0
-10.8
-8.5
-7.3
-9.0
-10.0
-11.3
-12.8
-10.0
-11.8
-16.5
-23.5
-28.5
-27.0
-43.0
-48.0
-54.3
-57.5
-58.8
-54.0
-33.3
-33.5
-21.3
-17.8
-11.5
-10.0
-9.8
-10.5
-11.5
-12.0
-14.0
-16.3
-11.3
-11.0
-12.3
-15.8
-21.5
-21.8
-37.3
-43.8
-51.3
-54.3
-57.8
-56.5
-48.8
-44.3
-32.8
-27.5
-19.5
-13.3
-10.5
-11.5
-12.3
-15.3
-16.8
-26.5
-22.0
-21.5
-26.5
-31.8
-36.5
-35.3
-52.3
-57.8
-62.5
-63.8
-66.0
-63.3
-48.8
-35.5
-26.0
-18.0
-15.0
-14.3
-10.8
-8.8
-8.5
-10.0
-13.3
-15.3
-13.0
-15.0
-18.3
-20.5
-21.3
-18.3
-31.5
-41.5
-51.3
-52.0
-56.3
-57.0
-51.0
-38.5
-24.5
-16.3
-9.3
-7.3
-5.8
-6.0
-5.8
-7.5
-10.3
-13.5
-11.0
-13.0
-16.3
-20.5
-26.0
-26.5
-41.3
-52.3
-68.3
-76.5
-82.5
-80.0
-45.3
-23.3
-18.5
-15.8
-11.3
-10.3
-11.3
-11.0
-14.0
-14.8
-22.0
-24.3
-18.5
-16.8
-18.3
-23.5
-30.5
-32.0
-53.8
-64.0
-74.3
-78.8
-82.8
-81.8
-73.5
-63.3
-60.8
-55.5
-44.3
-42.3
-43.3
-46.5
-62.0
-71.5
-76.8
-80.3
-67.3
-59.8
-60.3
-64.8
-70.0
-69.5
-89.3
-96.5
-103.0
-104.8
-106.3
-102.5
-96.8
-92.5
-86.0
-70.8
-67.0
-71.0
-70.3
-75.5
-89.8
-99.0
-106.3
-110.8
-98.5
-92.8
-96.5
-106.8
-116.3
-117.0
-140.8
-151.8
-161.8
-172.5
-180.0
-178.0
-117.8
-107.5
-90.0
-64.8
-42.3
-35.5
-30.3
-26.8
-28.5
-30.5
-38.5
-46.5
-41.8
-41.5
-47.3
-55.3
-64.5
-69.3
-91.3
-101.0
-111.5
-118.5
-125.8
-126.3
-91.8
-79.8
-60.8
-42.8
-25.0
-16.8
-12.5
-13.0
-15.0
-19.0
-25.5
-32.5
-27.0
-27.5
-31.8
-38.0
-42.5
-40.8
-55.0
-61.8
-68.8
-72.0
-76.5
-77.5
-78.0
-79.8
-77.8
-73.5
-67.3
-64.5
-60.5
-62.0
-71.8
-78.8
-81.0
-83.8
-70.8
-63.5
-62.8
-66.8
-71.0
-68.3
-88.0
-95.5
-100.3
-102.0
-104.3
-102.0
-92.0
-82.0
-72.8
-56.3
-55.0
-54.8
-50.3
-51.5
-64.0
-71.8
-78.0
-84.3
-71.8
-64.0
-64.0
-68.0
-72.0
-69.5
-86.8
-93.0
-99.8
-102.5
-105.8
-106.5
-71.5
-63.0
-51.5
-34.0
-18.0
-12.0
-8.8
-8.3
-11.0
-17.8
-20.8
-25.0
-19.0
-18.0
-19.8
-23.8
-28.0
-26.3
-40.8
-48.0
-55.3
-59.5
-64.0
-64.5
-52.3
-42.5
-29.5
-20.8
-12.0
-9.3
-7.8
-6.5
-7.3
-9.5
-12.3
-14.5
-10.5
-11.0
-12.8
-15.3
-17.8
-14.0
-26.0
-33.3
-41.3
-44.0
-45.8
-44.8
-33.0
-27.5
-18.5
-14.5
-8.5
-8.0
-7.3
-8.0
-9.3
-10.0
-10.5
-10.8
-7.0
-7.3
-7.5
-7.8
-8.0
-1.0
-4.8
-8.0
-14.8
-18.5
-22.5
-23.8
-17.3
-15.0
-16.0
-13.8
-8.5
-6.8
-4.5
-4.5
-6.3
-7.8
-9.0
-10.0
-6.8
-7.0
-7.5
-8.0
-8.5
-2.0
-6.3
-6.8
-8.0
-10.3
-20.3
-25.3
-20.8
-18.8
-19.0
-17.8
-12.3
-10.0
-10.0
-10.0
-10.8
-11.5
-13.3
-14.3
-9.5
-9.8
-11.3
-12.8
-14.0
-9.0
-18.3
-23.0
-27.8
-30.0
-32.5
-31.5
-22.0
-18.8
-18.3
-16.3
-11.5
-8.5
-5.3
-4.5
-4.8
-8.3
-10.0
-12.0
-8.3
-8.8
-9.8
-11.0
-13.5
-8.3
-16.3
-20.8
-25.5
-27.5
-28.0
-26.3
-21.5
-22.3
-21.3
-16.5
-10.3
-7.8
-8.3
-9.5
-9.5
-10.3
-11.0
-11.5
-7.5
-8.0
-8.5
-9.3
-10.0
-3.8
-10.5
-14.5
-20.3
-23.5
-27.3
-27.5
-17.0
-15.8
-15.3
-12.3
-6.8
-5.0
-2.0
-1.5
-3.0
-4.0
-5.5
-7.3
-5.8
-6.5
-6.8
-7.3
-7.8
-1.0
-3.5
-5.0
-7.3
-9.0
-12.5
-13.3
-11.3
-15.5
-14.0
-10.8
-5.0
-2.8
-1.5
-1.5
-2.5
-3.0
-3.3
-5.5
-5.0
-5.8
-6.3
-6.8
-7.0
0.0
0.0
-0.3
-0.5
-1.0
-1.5
-2.0
-6.8
-12.0
-12.8
-9.8
-3.3
-2.5
-2.0
-2.5
-3.8
-5.0
-5.8
-6.5
-5.0
-5.3
-5.5
-5.8
-6.0
0.0
0.0
0.0
0.0
0.0
-0.3
0.0
-6.3
-12.3
-14.5
-14.5
-10.8
-10.3
-9.0
-7.8
-9.0
-9.8
-10.0
-10.3
-7.0
-7.3
-7.5
-7.5
-7.8
0.0
-0.3
-0.3
-1.0
-1.3
-2.3
-3.0
-8.3
-15.0
-16.3
-13.8
-8.5
-6.8
-5.0
-4.5
-5.0
-7.8
-9.0
-10.5
-7.3
-8.0
-8.5
-9.0
-9.5
-2.3
-5.5
-7.5
-10.3
-11.3
-12.3
-8.0
-9.5
-15.0
-15.3
-12.3
-7.0
-5.0
-4.5
-4.0
-5.0
-5.3
-6.8
-7.8
-5.8
-6.0
-6.3
-6.3
-6.5
0.0
0.0
0.0
0.0
0.0
-0.3
-0.3
-7.0
-14.8
-16.8
-15.8
-11.5
-8.5
-6.3
-3.5
-4.0
-6.8
-8.8
-9.8
-6.8
-7.0
-7.3
-7.5
-7.8
0.0
-0.3
-0.3
-1.0
-1.3
-2.0
-1.5
-8.3
-16.3
-18.0
-16.5
-12.3
-11.0
-10.0
-9.8
-9.8
-10.0
-11.0
-12.0
-8.0
-8.5
-8.5
-8.8
-9.0
-0.5
-3.0
-4.8
-8.0
-10.3
-13.0
-9.8
-11.5
-16.0
-15.0
-14.3
-8.5
-6.8
-3.8
-4.0
-6.0
-7.5
-8.8
-10.5
-7.3
-7.8
-8.3
-8.8
-9.8
-2.3
-6.3
-9.5
-14.0
-15.8
-16.8
-12.3
-9.3
-16.3
-17.5
-15.8
-10.5
-10.0
-9.0
-8.0
-9.3
-10.5
-11.0
-12.0
-8.0
-8.3
-8.8
-9.0
-9.3
-1.0
-4.3
-6.3
-9.5
-11.0
-12.5
-10.5
-11.5
-17.0
-18.0
-16.3
-10.5
-9.0
-9.3
-8.3
-10.0
-10.8
-11.5
-11.8
-7.8
-8.0
-8.0
-8.3
-8.5
-0.3
-2.3
-3.5
-6.3
-7.5
-9.0
-8.3
-11.0
-16.3
-17.5
-12.8
-8.0
-7.0
-6.0
-7.0
-8.0
-9.3
-9.5
-10.0
-7.0
-7.5
-7.8
-8.3
-8.8
-0.5
-4.3
-6.5
-9.0
-10.0
-11.0
-8.8
-10.8
-16.8
-17.8
-17.0
-11.0
-12.5
-11.0
-11.5
-12.3
-13.0
-12.8
-13.0
-8.3
-8.5
-8.5
-8.8
-9.0
-1.8
-6.3
-10.5
-14.0
-16.3
-18.3
-15.3
-15.5
-17.0
-16.3
-14.0
-8.3
-6.0
-4.0
-3.0
-3.8
-5.0
-6.5
-8.3
-6.3
-6.8
-7.0
-7.3
-7.8
-0.5
-2.5
-3.8
-7.0
-9.5
-13.0
-2.0
-11.0
1.8
-14.5
-11.5
-6.0
-3.8
-1.8
-1.0
-1.3
-2.3
-3.5
-5.3
-5.0
-5.5
-6.0
-6.5
-6.8
0.0
-0.3
-0.5
-1.8
-2.3
-3.3
-2.0
-6.8
-13.0
-13.8
-14.8
-10.5
-9.5
-8.8
-8.8
-10.0
-10.8
-11.0
-11.3
-7.5
-7.8
-7.8
-8.0
-8.3
-0.3
-1.8
-3.0
-5.8
-7.0
-9.5
-4.5
-8.5
-14.0
-16.0
-14.5
-9.3
-6.8
-4.3
-7.0
-5.5
-6.0
-8.0
-9.5
-7.0
-7.5
-8.0
-8.3
-8.8
-1.3
-4.3
-6.5
-10.3
-11.8
-13.5
-8.3
-14.5
-18.8
-19.0
-15.5
-10.5
-9.0
-7.3
-7.0
-8.5
-10.5
-11.0
-11.5
-7.8
-8.3
-8.5
-8.5
-8.8
-0.5
-2.0
-3.0
-5.3
-5.8
-6.5
-4.5
-9.3
-16.3
-18.0
-16.8
-10.5
-11.0
-9.5
-8.5
-10.0
-11.0
-11.8
-12.8
-8.5
-9.3
-9.8
-11.0
-13.8
-9.0
-17.3
-22.5
-27.8
-30.8
-32.8
-11.8
-20.5
-11.0
-17.8
-13.5
-8.3
-5.8
-3.5
-3.5
-5.8
-7.5
-7.8
-9.0
-6.5
-6.8
-7.0
-7.3
-7.5
0.0
-1.0
-2.0
-5.8
-9.3
-13.0
-11.0
-11.0
-16.5
-17.0
-13.8
-9.3
-7.5
-6.3
-4.0
-7.0
-6.3
-7.8
-8.8
-6.5
-7.0
-7.5
-7.8
-8.0
-0.3
-2.5
-3.8
-9.0
-11.8
-14.5
15.8
-8.0
8.0
-13.5
-10.0
-5.3
-2.5
-1.0
-0.8
-2.5
-3.3
-4.3
-5.8
-5.0
-5.5
-6.0
-6.3
-6.8
0.0
0.0
0.0
-0.5
-0.5
-1.3
-0.3
-6.3
-10.8
-10.0
-7.8
-2.3
-1.3
-0.3
1.3
1.5
1.5
0.5
-0.5
-2.0
-2.5
-3.5
-4.0
-4.5
0.0
0.0
0.0
0.0
0.0
0.0
0.0
-4.5
-7.0
-1.3
-2.3
3.5
5.5
8.8
11.5
11.0
9.3
6.3
3.3
1.0
0.8
-0.3
-1.3
-2.0
0.0
0.0
0.0
0.0
0.0
0.0
78.8
17.5
21.0
18.3
16.5
22.8
17.5
19.8
23.3
22.5
19.0
13.8
8.5
5.0
3.0
0.8
-1.0
-2.3
0.0
0.0
0.0
0.0
0.0
0.0
33.0
-0.8
1.8
3.0
5.0
13.5
17.5
16.8
16.3
18.5
16.3
11.3
5.0
0.3
-1.5
-2.5
-3.0
-3.5
0.0
0.0
0.0
0.0
0.0
0.0
0.0
-4.5
-4.3
-6.0
-2.3
4.0
9.0
13.5
15.5
12.8
9.5
3.8
1.0
-2.0
-3.0
-3.5
-4.0
-4.5
0.0
0.0
0.0
0.0
0.0
0.0
0.0
-5.5
-9.3
-8.3
-3.0
2.3
7.5
13.0
7.5
3.0
0.5
-2.3
-3.5
-3.8
-4.3
-4.5
-5.0
-5.0
0.0
0.0
0.0
0.0
0.0
0.0
9.0
-3.0
-1.0
5.8
4.3
12.8
15.3
26.8
21.5
19.5
20.5
12.3
5.5
0.3
-1.3
-2.8
-3.3
-3.5
0.0
0.0
0.0
0.0
0.0
0.0
0.0
-3.3
-0.5
1.5
0.8
8.5
5.5
7.3
7.8
15.8
14.3
10.3
5.3
0.8
-0.5
-2.8
-3.8
-4.3
0.0
0.0
0.0
0.0
0.0
0.0
2.0
-3.0
4.3
5.0
3.3
11.3
15.3
11.0
11.0
17.5
14.5
8.0
2.3
-1.0
-2.0
-3.3
-4.0
-4.3
0.0
0.0
0.0
0.0
0.0
0.3
0.3
2.0
0.3
3.8
11.0
18.3
19.5
27.0
24.0
15.5
12.0
4.8
2.0
-2.0
-3.3
-4.0
-4.5
-5.0
0.0
0.0
0.0
0.0
0.0
0.5
7.5
0.5
0.3
8.8
13.3
21.0
21.0
23.3
28.0
25.5
20.3
11.5
5.5
0.3
-1.5
-3.3
-4.0
-4.5
0.0
0.0
0.0
0.0
0.0
1.0
11.8
9.0
16.3
15.5
14.0
23.5
26.5
22.8
33.0
30.5
29.8
25.8
17.3
6.5
2.0
-1.3
-3.8
-4.3
0.0
0.0
0.0
0.0
0.0
1.3
14.5
16.0
24.0
25.0
24.0
38.3
44.8
36.0
35.3
42.5
39.8
32.8
18.5
9.0
5.3
1.5
-1.8
-3.5
0.0
0.0
0.0
0.0
0.0
2.5
15.8
20.3
25.5
26.5
26.8
40.5
49.3
59.8
65.5
57.5
52.5
35.8
21.8
14.3
10.8
5.8
0.8
-2.0
0.3
0.0
0.0
0.0
0.0
5.0
9.0
22.5
31.5
32.8
31.8
49.0
68.0
78.8
72.8
65.8
58.5
45.0
31.0
23.8
22.3
16.8
10.5
4.5
1.5
0.3
0.0
0.0
0.0
0.0
3.8
12.3
22.0
26.5
51.0
70.5
75.5
83.5
89.3
78.8
63.3
51.8
42.0
36.3
32.8
25.0
14.0
4.3
0.5
0.0
0.0
0.0
0.0
0.0
1.5
2.8
7.3
1.8
9.3
24.0
12.8
14.8
16.0
29.8
33.5
32.3
16.5
7.0
3.3
-2.3
-4.3
-4.8
0.0
0.0
0.0
0.0
0.0
5.3
14.5
20.8
28.0
29.3
40.5
33.3
29.0
33.0
40.0
35.5
15.8
19.5
10.3
2.5
0.3
-1.8
-3.0
-3.8
0.3
0.0
0.0
0.0
0.0
2.3
3.0
3.3
3.8
5.8
18.8
28.3
31.3
48.3
51.8
38.5
36.0
25.5
21.8
14.3
11.3
4.0
-1.5
-3.3
0.0
0.0
0.0
0.0
0.0
0.0
0.5
14.0
32.0
37.0
61.3
65.0
75.5
86.8
84.0
66.0
56.3
42.3
30.0
20.5
22.0
19.5
13.8
9.3
4.3
0.0
0.0
0.0
0.0
18.0
5.8
17.3
36.3
57.5
68.5
78.0
82.3
89.0
86.8
81.3
73.5
69.8
60.3
47.8
38.8
27.0
14.3
4.5
1.8
0.0
0.0
0.0
0.0
4.5
28.0
40.3
56.3
64.5
82.8
79.0
95.3
93.0
98.8
93.3
82.3
86.5
81.3
68.8
60.3
51.8
43.3
33.5
22.5
7.0
1.5
0.5
0.3
16.0
38.5
58.8
54.5
43.8
47.8
79.0
77.5
94.3
96.3
96.0
90.0
75.5
60.3
54.0
50.8
45.3
38.0
31.5
22.8
8.3
3.0
0.5
0.0
14.3
14.0
20.3
22.0
29.0
39.5
40.8
44.0
74.5
82.3
77.8
69.0
64.5
54.5
44.8
39.0
31.3
21.8
12.3
4.8
0.0
0.0
0.0
0.0
4.0
9.0
27.8
45.3
59.5
69.8
91.5
101.5
113.3
111.3
104.0
106.8
92.3
77.0
67.3
59.8
52.3
43.3
35.8
26.0
10.5
4.0
0.8
0.3
28.3
36.0
56.3
77.8
91.8
94.5
109.0
122.0
137.3
147.8
143.5
140.5
124.5
112.3
98.3
88.0
77.0
63.5
49.8
33.5
11.5
2.0
0.3
0.0
0.0
0.0
-0.5
1.8
4.8
13.0
19.5
20.3
15.0
13.3
4.8
2.0
1.8
0.8
-0.8
-0.8
-2.0
-2.8
-3.3
0.0
0.0
0.0
0.0
0.0
15.8
17.8
23.8
22.5
29.0
41.0
53.5
62.5
68.5
67.0
60.8
57.5
45.5
38.3
29.0
22.5
15.0
7.3
1.3
0.8
0.0
0.0
0.0
0.0
20.5
20.0
29.5
37.8
55.5
60.0
68.8
72.3
76.8
78.3
73.5
67.3
52.3
35.0
27.8
26.3
22.3
14.3
6.5
2.5
0.3
0.0
0.0
0.0
24.5
27.5
28.0
33.3
42.0
44.3
59.0
70.8
77.0
72.5
64.8
60.3
48.0
47.3
37.0
24.8
12.8
4.3
-1.0
0.3
0.0
0.0
0.0
0.0
20.3
22.5
33.5
41.3
40.5
36.5
42.5
48.3
58.3
68.8
67.3
65.3
64.0
56.0
47.0
41.3
32.3
22.0
12.0
5.5
0.8
0.3
0.0
0.0
0.0
0.5
12.3
48.3
59.8
79.8
96.8
107.8
122.3
132.3
113.5
106.3
93.3
78.0
70.0
62.0
52.8
42.0
32.8
20.8
4.8
1.0
0.3
0.0
21.5
24.5
44.8
70.0
91.0
127.5
134.0
152.5
158.8
166.0
155.8
143.8
135.0
118.5
106.3
97.5
84.8
71.0
59.8
46.8
30.3
21.5
14.0
9.5
23.5
36.5
50.5
72.0
104.5
128.0
156.0
164.0
184.0
186.0
160.5
148.3
142.8
132.0
115.3
101.8
86.5
73.0
60.8
46.0
26.5
17.5
9.0
4.5
50.0
41.8
81.8
101.0
125.0
102.0
86.5
72.8
75.0
79.5
85.8
95.8
100.0
89.5
76.3
64.5
53.5
40.8
29.8
18.3
5.0
2.0
1.0
0.8
0.5
1.0
4.8
14.5
43.3
46.3
69.0
94.8
111.0
97.8
76.3
55.5
37.3
27.8
27.3
29.5
27.8
22.8
17.5
10.3
1.5
0.0
0.0
0.0
0.0
8.3
26.5
56.0
73.8
88.8
118.0
144.3
159.8
162.8
161.3
151.0
143.3
130.5
123.8
115.0
105.5
93.0
79.5
66.3
47.3
36.8
27.3
23.5
41.3
65.0
90.3
99.0
100.5
121.8
116.0
106.5
100.5
103.3
77.8
61.3
50.0
43.3
42.5
43.5
39.8
33.3
26.3
15.8
3.0
0.5
0.0
0.0
39.8
36.5
58.8
110.3
121.3
130.8
143.0
151.0
150.0
131.3
119.3
96.3
78.8
63.8
58.8
57.3
51.5
41.8
33.0
23.3
9.0
4.0
1.5
0.8
0.8
2.3
19.5
32.5
32.0
43.3
67.0
80.8
76.0
62.5
46.3
37.5
31.8
26.8
29.0
33.0
31.5
23.3
13.5
3.0
0.0
0.0
0.0
0.0
20.5
26.0
40.0
49.8
53.0
52.8
65.5
72.5
84.5
93.8
90.0
84.5
71.3
69.5
60.0
49.0
35.5
25.5
18.3
9.8
2.0
0.8
0.3
0.3
8.5
28.5
43.8
85.3
107.5
122.0
138.5
129.5
120.3
111.3
90.0
81.3
65.0
54.5
50.8
53.0
48.8
42.0
36.5
26.5
10.5
7.3
4.5
3.0
7.5
45.0
63.5
93.0
112.5
135.3
153.5
176.0
176.8
184.8
174.8
158.0
136.8
115.3
98.8
84.3
68.3
52.8
39.3
26.5
11.8
6.8
3.3
2.0
2.5
4.3
25.5
45.8
78.3
94.8
121.0
147.0
162.3
164.5
157.5
143.8
129.5
114.0
100.8
85.3
68.5
51.8
41.5
27.8
11.0
6.8
3.8
1.8
0.8
1.0
8.0
38.0
70.3
103.0
117.3
145.3
136.0
154.3
158.5
125.5
114.5
97.0
87.3
79.0
64.5
45.8
28.0
13.5
1.8
0.0
0.0
0.0
25.8
23.3
47.5
99.8
125.0
104.3
95.8
94.0
108.5
144.0
129.8
92.0
81.5
68.5
63.8
63.8
58.3
49.0
38.3
24.5
10.0
5.8
2.0
1.0
0.8
1.3
6.0
17.8
22.0
30.5
26.0
27.8
52.8
65.3
39.3
43.8
37.3
25.3
24.0
25.3
20.5
13.8
7.0
1.8
0.0
0.0
0.0
0.0
13.0
22.3
28.8
47.0
72.8
65.0
56.8
76.0
84.8
90.8
83.5
68.0
48.8
33.3
30.0
29.8
24.5
16.5
10.0
3.3
0.3
0.0
0.0
0.0
0.5
7.5
18.0
52.5
75.8
96.5
104.0
108.8
114.0
119.8
105.8
99.3
99.0
87.5
83.0
74.3
62.3
48.0
36.0
24.3
8.8
3.8
1.0
1.8
38.3
53.8
70.0
91.8
106.3
112.3
126.3
138.8
156.0
164.0
162.0
161.3
161.5
155.0
146.3
136.5
123.0
104.5
83.0
56.0
24.8
11.5
4.0
6.8
46.5
54.3
77.3
102.3
130.5
144.3
151.5
163.8
174.5
178.3
135.8
94.5
72.3
66.3
66.8
65.5
55.8
44.5
36.0
24.0
10.5
6.0
2.8
10.3
19.5
31.0
43.0
52.3
53.0
46.3
38.8
31.0
44.0
44.8
32.5
28.3
36.3
28.5
27.5
28.0
20.8
14.0
8.8
3.0
0.0
0.0
0.0
0.5
26.3
11.5
42.0
51.5
63.8
74.5
89.3
110.3
129.3
117.3
117.3
92.8
83.0
73.8
63.5
57.5
41.3
24.8
14.5
6.0
0.5
0.0
0.0
0.8
25.0
38.8
55.8
70.5
83.0
91.3
112.5
131.0
147.0
146.8
147.8
139.0
123.5
101.0
89.5
86.0
76.5
65.5
54.8
39.0
19.3
11.8
5.8
4.3
4.0
15.0
49.3
79.8
97.0
114.8
138.0
157.0
146.3
126.5
88.0
73.3
105.3
89.5
76.3
70.0
61.3
48.5
36.5
25.0
9.5
4.5
1.8
9.8
16.0
52.8
62.3
94.5
116.8
142.0
142.3
161.0
163.0
152.8
159.5
156.5
142.5
117.3
103.5
87.3
71.3
56.3
43.8
28.8
11.8
6.8
3.3
9.8
28.5
32.5
58.3
85.0
100.5
118.8
123.0
116.3
125.3
125.5
109.5
121.5
107.0
89.3
76.3
64.0
51.8
37.3
25.5
16.0
5.3
2.5
0.8
4.3
11.3
38.5
48.5
81.5
87.3
110.8
117.3
118.0
132.5
136.5
141.8
148.5
139.5
111.8
94.3
85.5
71.5
60.5
53.3
40.5
21.3
14.5
9.5
14.5
8.8
13.3
22.3
38.0
46.3
49.5
60.8
58.8
112.3
89.0
97.3
96.3
95.0
93.3
82.8
79.8
70.0
56.8
45.0
32.8
15.5
9.5
5.3
4.8
5.5
9.8
23.8
41.8
53.3
73.5
85.8
114.0
141.5
157.5
158.8
144.8
135.0
120.3
115.3
104.8
89.0
76.8
68.5
56.3
35.3
27.0
18.8
27.3
55.0
76.5
104.3
139.0
167.8
166.3
173.5
181.3
197.5
212.3
214.0
215.0
201.3
195.8
177.5
170.0
154.5
137.8
120.3
105.3
78.8
59.8
45.0
40.3
65.8
63.8
89.8
110.8
140.5
139.0
151.8
165.8
172.5
177.0
145.0
125.5
101.3
87.5
86.5
82.3
74.5
62.3
49.8
34.3
13.3
6.8
3.0
8.8
28.3
34.3
57.8
92.5
122.3
109.0
115.3
97.3
86.5
84.8
62.0
52.3
44.3
34.5
39.0
44.5
43.8
37.5
31.3
21.8
8.0
4.5
2.0
6.5
3.3
7.5
16.0
34.5
44.3
56.3
73.0
59.3
62.8
78.3
81.8
86.0
89.8
77.3
75.5
72.5
64.3
54.0
46.5
35.3
17.8
12.0
7.0
11.3
34.3
67.8
84.8
121.5
134.5
159.3
171.5
162.3
173.5
195.5
190.8
181.3
139.5
106.3
93.0
94.8
89.5
79.8
70.3
56.3
32.5
19.8
9.3
6.8
50.3
71.0
92.8
121.5
128.5
140.5
158.0
165.3
176.3
175.3
179.3
180.0
169.3
147.3
134.5
128.3
119.0
107.0
96.3
82.3
58.8
47.8
36.8
35.0
64.8
70.8
98.0
104.3
116.3
135.5
179.3
162.3
186.5
191.8
167.8
149.3
144.0
132.8
127.3
123.0
116.8
97.5
76.5
60.8
37.0
26.5
17.8
14.8
31.0
44.5
68.3
110.8
123.3
134.8
147.8
138.8
130.0
130.5
121.3
113.5
102.8
81.3
72.5
68.5
58.5
48.3
38.0
22.3
5.8
3.3
2.0
1.8
23.0
18.3
22.8
61.5
94.8
114.3
121.3
141.0
133.3
136.0
135.0
93.5
91.5
75.5
73.0
70.0
62.8
52.3
42.5
31.3
12.8
6.8
3.0
2.0
7.8
14.8
26.3
52.3
65.8
109.0
108.8
88.5
94.5
98.0
107.3
90.0
66.3
52.8
51.3
50.5
44.8
36.5
29.3
18.0
5.0
2.0
0.5
0.0
24.5
21.5
38.3
67.5
63.8
96.5
96.3
92.0
91.0
123.8
119.0
92.3
90.5
70.8
68.8
64.0
52.5
39.3
28.3
15.5
3.5
1.5
0.5
0.0
12.5
33.3
53.8
89.0
119.5
129.5
138.0
146.8
154.0
158.5
134.0
124.5
119.5
108.8
98.0
84.0
69.3
56.3
42.3
30.3
14.3
9.5
5.3
3.5
3.0
4.5
18.3
46.8
88.0
94.5
108.8
110.5
107.5
98.0
82.8
90.5
70.5
54.3
49.0
49.3
44.0
37.8
31.8
21.0
6.5
3.3
1.0
0.3
0.5
1.3
8.5
20.0
26.3
27.0
36.5
51.0
66.0
50.8
37.5
26.5
23.3
20.3
23.5
27.3
25.0
20.0
15.3
9.0
1.5
0.3
0.0
0.0
0.0
0.5
3.8
21.0
41.5
54.3
50.3
41.8
51.3
43.8
35.5
28.3
23.5
18.5
21.8
25.0
24.3
19.5
15.0
8.0
1.0
0.0
0.0
0.0
30.8
26.0
34.3
52.3
66.5
84.5
91.5
95.0
112.8
109.0
85.5
79.0
61.8
46.5
39.8
38.8
32.5
23.8
17.5
10.0
2.3
1.0
0.3
0.3
1.3
6.3
19.5
56.3
58.3
92.0
81.0
72.8
85.0
123.0
132.5
129.8
117.3
90.3
81.3
74.8
65.3
54.0
43.8
29.8
10.3
5.5
2.5
1.8
3.3
9.3
27.0
70.0
88.8
101.5
111.5
134.5
132.0
129.5
124.0
107.5
91.5
77.8
76.5
73.3
66.0
56.5
46.5
33.3
13.0
7.0
3.3
1.8
3.0
6.8
20.3
46.8
93.0
141.8
154.0
183.3
197.5
203.5
194.0
165.3
149.0
138.5
130.3
118.5
103.0
87.5
74.5
54.3
25.3
13.0
4.8
2.3
51.8
79.0
112.3
144.3
160.0
167.3
178.3
185.8
198.0
204.8
201.5
196.0
191.0
171.5
155.3
144.8
129.8
112.0
97.3
77.8
47.3
32.0
21.5
18.5
75.3
77.5
117.0
151.3
164.5
164.5
171.8
177.3
188.8
191.3
181.5
174.8
171.0
161.3
149.0
138.5
126.0
110.8
97.5
82.5
55.5
41.0
28.8
24.0
79.8
111.3
140.3
166.8
178.3
180.0
187.8
193.5
203.8
205.5
195.5
191.5
190.3
181.8
171.0
159.0
142.8
124.0
106.3
85.0
58.0
44.3
29.8
23.3
76.5
106.8
134.5
160.3
172.0
172.3
183.8
196.5
203.5
202.5
190.3
180.8
175.3
164.5
150.3
139.3
124.5
109.0
94.8
75.3
49.5
38.8
29.0
24.0
55.8
84.0
102.8
149.0
162.5
197.0
213.8
220.0
230.3
227.0
217.0
204.8
188.0
171.8
156.0
140.8
124.5
108.8
96.0
80.8
58.0
48.3
38.0
35.5
70.5
107.3
127.5
166.5
198.5
218.3
234.8
249.3
270.8
265.0
208.0
180.8
148.8
152.3
135.3
125.3
112.8
98.0
82.8
67.8
43.8
30.0
19.8
16.0
67.3
84.0
110.3
138.5
125.0
150.8
162.5
179.0
189.3
200.3
192.3
142.3
126.8
111.5
103.3
98.8
91.0
80.8
71.0
52.5
27.0
18.8
12.3
9.3
33.3
45.8
96.3
122.5
136.0
154.8
174.8
138.3
155.8
137.5
119.0
116.3
99.0
86.8
89.8
90.8
86.0
78.0
70.8
59.0
36.8
27.5
19.3
16.0
72.0
89.8
102.5
132.8
172.8
191.0
167.5
193.5
195.5
197.5
179.0
173.0
168.3
153.0
139.5
133.0
122.0
110.5
96.5
77.8
53.0
41.3
32.0
27.8
37.8
38.3
62.5
88.3
113.5
131.8
109.0
139.5
141.8
134.8
139.5
141.0
131.5
108.5
99.0
91.3
81.3
71.3
61.3
45.3
22.5
15.8
9.5
6.0
8.5
41.0
68.5
101.5
128.8
103.8
83.3
103.0
101.8
115.0
92.8
84.5
76.3
63.0
54.8
52.5
46.5
37.0
27.5
15.5
3.3
1.0
0.0
0.0
8.3
5.3
17.3
26.0
26.8
30.3
40.0
74.5
96.8
108.8
59.0
36.8
47.0
47.0
40.5
38.8
35.0
30.5
24.5
15.8
4.0
1.8
0.5
0.0
0.0
0.5
5.8
12.5
26.5
45.0
65.5
61.0
79.8
107.5
97.3
89.3
72.0
62.8
58.8
52.0
42.0
32.0
24.0
14.3
3.5
1.3
0.3
0.0
0.0
0.3
4.0
33.8
68.8
97.0
105.0
120.8
115.8
102.3
84.5
72.3
60.8
49.0
47.5
50.3
47.0
40.3
33.8
24.3
9.3
5.5
3.0
2.3
2.3
5.3
38.5
59.3
78.3
90.3
114.0
124.5
131.0
132.5
117.8
103.5
91.3
73.5
61.0
56.0
49.8
40.0
30.8
18.8
4.5
1.8
0.3
0.0
0.0
0.8
24.0
45.0
80.8
102.8
113.0
134.8
143.8
136.0
124.3
108.8
97.0
74.5
66.0
63.5
56.8
48.3
39.8
28.0
10.0
5.3
2.3
0.8
0.5
1.0
5.8
15.8
24.5
42.5
55.8
67.0
80.3
75.8
59.0
51.0
48.3
46.8
52.0
48.3
37.0
24.0
13.5
6.3
0.3
0.0
0.0
0.0
0.0
1.3
9.3
34.8
45.8
60.3
112.0
124.5
127.5
132.3
127.0
125.3
123.8
114.3
106.5
103.3
94.8
81.5
68.0
50.0
25.3
15.8
8.3
5.3
36.5
72.8
97.0
126.0
141.0
145.3
157.8
170.3
183.8
189.3
183.0
179.5
170.8
160.3
150.0
143.8
129.8
110.3
94.8
75.8
50.3
39.3
28.0
23.5
52.8
96.3
123.0
152.8
169.8
176.5
193.0
202.0
221.8
225.8
217.3
208.3
194.8
176.5
161.3
152.5
140.0
124.8
111.5
95.5
71.0
60.3
49.5
44.8
72.3
98.5
131.8
172.5
195.0
209.5
227.0
233.5
241.5
246.8
242.5
238.8
224.8
204.5
186.8
179.0
169.3
152.5
133.3
112.5
84.3
70.3
58.3
50.0
74.5
107.8
132.8
168.0
188.3
199.8
219.5
233.3
248.8
253.3
248.3
220.3
183.8
160.3
153.8
151.3
143.5
132.5
121.3
104.0
77.0
62.5
47.8
40.5
80.5
79.8
139.5
171.5
197.8
211.3
218.8
229.8
243.5
257.5
243.8
229.3
213.5
195.8
179.8
171.5
161.8
146.3
128.8
106.5
75.8
55.3
37.5
28.8
47.8
89.0
122.8
153.0
166.0
173.5
192.8
210.5
234.0
233.8
226.5
216.8
203.0
184.5
168.3
155.8
140.3
126.8
116.0
96.8
65.5
49.8
34.8
24.8
39.0
84.3
119.0
154.8
174.3
185.0
218.0
226.0
241.8
248.5
238.5
228.5
217.0
192.8
171.5
160.3
150.5
140.3
127.5
109.8
82.5
65.8
49.3
41.5
56.3
108.3
129.0
167.3
188.3
203.5
229.0
241.8
257.5
265.5
261.8
244.0
222.8
198.0
178.3
165.5
149.5
131.8
114.5
96.5
69.0
54.3
40.5
32.5
50.5
104.8
134.0
168.3
208.8
230.5
235.8
220.0
233.5
217.5
204.5
196.3
172.8
158.5
153.8
147.3
132.8
119.3
108.5
95.3
71.8
60.0
51.3
46.8
47.5
50.5
66.5
94.0
130.0
143.3
158.0
192.0
220.5
222.0
214.3
193.3
182.3
167.3
150.8
138.5
121.8
102.8
86.3
68.0
40.0
25.0
13.8
10.0
19.0
46.0
86.5
126.3
156.8
188.3
225.5
225.0
216.3
189.3
154.8
129.5
113.8
101.0
100.5
106.0
104.5
97.5
89.8
77.0
55.0
44.3
34.8
30.8
28.8
41.5
65.0
89.5
121.3
165.8
186.5
198.3
208.5
191.0
191.5
164.5
146.0
131.8
123.5
122.0
114.5
103.8
91.8
77.0
51.3
42.0
32.5
26.5
48.8
90.0
116.8
141.5
153.0
165.5
190.0
197.5
218.5
230.5
188.0
183.8
162.0
136.5
125.5
120.5
109.5
97.3
84.0
67.8
42.0
29.8
19.0
14.5
20.0
56.8
94.8
126.5
152.8
184.0
184.8
187.8
216.0
209.5
202.0
171.0
150.3
131.3
121.5
118.0
106.5
90.8
77.0
59.5
34.3
21.5
12.5
10.0
13.3
53.8
82.3
116.5
146.0
129.0
117.0
144.8
158.3
167.8
161.0
134.0
117.8
108.0
95.0
88.3
77.8
66.5
58.0
44.0
21.8
15.3
8.5
6.0
4.5
30.0
44.8
87.3
129.8
144.8
151.5
148.8
158.5
162.5
141.8
129.8
110.5
101.8
87.8
80.5
68.8
57.3
46.8
34.8
15.3
8.8
4.0
2.3
1.8
47.5
58.8
74.5
114.3
127.5
117.3
142.5
162.0
166.0
156.0
150.5
136.0
113.5
97.5
85.5
67.0
53.8
46.3
34.0
15.5
9.8
6.0
4.0
3.0
17.3
39.5
62.5
91.5
93.5
95.0
105.5
93.0
86.0
65.3
51.5
43.8
43.3
47.0
53.5
51.8
40.3
29.5
18.8
4.3
1.8
0.5
0.3
0.3
2.3
18.0
47.5
81.8
110.5
118.0
129.3
143.3
136.5
127.0
115.8
103.0
86.3
75.0
70.8
62.0
49.5
38.0
24.3
7.8
3.5
1.0
0.3
0.0
41.0
64.5
90.0
106.5
128.8
132.8
147.0
168.5
161.0
157.3
150.8
123.8
96.3
87.5
84.0
75.5
63.5
52.8
38.5
16.3
8.8
4.0
2.5
1.8
4.3
12.5
29.5
63.8
89.0
93.3
115.8
130.3
98.5
82.0
53.0
47.3
40.3
40.5
44.8
38.5
29.0
19.3
9.5
1.0
0.0
0.0
0.0
0.0
37.0
38.5
67.5
91.8
105.0
115.3
110.8
143.3
140.5
107.3
94.5
74.3
66.8
63.5
65.8
59.0
48.8
36.8
22.3
5.8
1.5
0.5
0.3
0.0
2.5
5.0
24.0
61.8
95.0
112.0
132.5
125.5
109.0
108.5
98.3
83.5
67.0
61.3
61.0
56.0
45.5
35.0
22.8
7.3
3.5
1.5
1.0
0.8
3.5
14.8
30.8
43.8
49.0
48.8
83.8
100.8
126.3
116.3
109.3
80.3
62.8
54.3
52.0
45.8
40.0
31.8
19.5
4.5
1.3
0.0
0.0
0.0
34.5
27.0
49.8
67.8
85.0
108.3
119.3
120.3
129.5
114.5
94.3
70.5
52.5
48.0
49.0
42.5
31.5
21.8
12.0
2.8
1.0
0.3
0.0
0.0
1.5
13.5
60.3
95.5
104.5
125.8
145.0
148.5
149.3
132.3
113.5
90.5
70.3
63.8
60.8
52.0
41.0
32.0
20.5
5.5
2.5
0.8
0.5
0.3
2.0
11.5
30.3
45.8
66.8
94.8
118.8
116.8
96.0
83.0
72.5
60.8
47.3
44.0
43.8
38.3
31.0
21.0
7.8
0.3
0.0
0.0
0.0
0.0
30.8
44.3
65.8
74.3
83.5
110.0
98.8
112.5
110.3
120.5
118.3
104.3
82.3
72.0
65.0
56.5
45.8
34.0
20.0
5.5
2.8
1.3
0.8
0.5
39.5
61.0
85.3
109.0
151.3
150.5
138.5
173.5
171.5
173.3
153.3
137.0
117.0
109.0
107.3
101.5
93.8
83.8
69.3
46.5
36.5
27.3
23.5
19.8
28.0
47.5
64.3
100.8
92.5
81.8
82.5
91.5
94.5
91.5
75.5
68.8
62.8
65.3
67.8
62.5
54.8
49.5
39.5
21.3
15.0
9.0
6.8
3.3
35.5
48.3
78.8
103.3
131.0
162.8
179.3
186.0
172.8
162.5
125.8
99.3
77.5
73.8
78.5
74.5
63.3
53.3
40.8
18.5
10.5
5.8
3.8
2.5
28.3
45.5
73.3
98.5
112.0
137.0
142.5
149.0
147.3
123.5
104.8
100.5
85.5
76.0
72.8
64.5
51.3
38.5
22.0
4.8
1.0
0.0
0.3
0.0
3.8
25.0
71.3
89.0
122.3
129.0
144.0
170.5
163.0
135.0
145.8
114.3
96.0
92.3
89.8
79.3
66.3
50.3
33.3
10.3
4.0
1.3
0.8
0.3
31.3
40.0
82.8
116.0
129.8
151.8
163.3
183.3
163.8
149.8
148.5
116.5
91.8
85.0
86.5
79.3
69.8
62.0
50.3
29.5
21.5
14.8
12.5
10.0
17.5
45.5
86.0
112.0
121.5
121.8
129.5
156.0
157.5
159.8
148.3
121.0
101.3
89.8
86.5
78.0
69.3
61.5
47.8
26.0
18.3
11.8
9.8
7.8
38.8
85.3
108.5
125.3
140.5
168.8
157.3
163.8
170.5
188.8
176.5
159.0
129.8
119.3
115.5
106.0
94.5
84.5
70.5
46.8
36.3
27.8
25.5
25.3
39.3
62.3
77.0
82.0
89.5
84.0
79.8
85.3
84.8
68.8
63.5
54.8
48.8
53.3
60.3
59.0
52.3
44.8
32.5
15.0
9.3
4.8
3.3
2.3
14.8
47.5
90.0
109.3
123.5
147.5
166.0
178.3
175.8
173.5
144.8
122.8
92.3
87.3
88.3
84.5
75.3
66.8
54.0
33.3
20.0
12.3
7.0
5.3
28.5
58.3
97.5
115.5
125.5
126.3
139.0
133.0
158.5
139.5
127.5
111.0
91.8
87.5
89.0
84.8
76.0
67.8
58.5
37.0
26.3
15.8
10.5
5.0
36.3
71.0
70.5
72.0
96.5
124.8
148.0
150.0
123.0
106.8
95.5
85.0
71.3
70.5
73.8
68.5
60.3
50.8
35.0
13.0
5.0
2.0
1.3
0.5
16.5
52.8
75.3
84.5
110.5
120.8
120.8
122.8
128.5
92.5
81.0
64.5
54.8
55.0
57.5
52.0
43.8
38.3
27.5
10.5
4.8
2.3
1.5
1.0
1.8
10.5
26.5
33.8
41.3
56.5
92.3
101.8
112.3
99.0
85.8
67.8
48.5
47.5
49.0
43.8
36.0
30.5
19.8
6.0
2.3
0.8
0.5
0.5
1.8
12.3
32.5
35.5
40.0
56.8
77.5
73.8
62.0
41.8
37.8
33.5
25.5
29.3
34.5
32.3
26.5
20.5
12.3
2.8
0.8
0.0
0.0
0.0
5.3
19.3
33.5
42.0
46.0
52.3
69.8
73.5
80.5
67.3
59.3
42.3
24.8
20.0
20.0
16.8
12.0
8.5
4.3
0.0
0.0
0.0
0.0
0.0
19.0
20.0
24.3
44.0
44.3
51.3
83.3
100.8
76.0
94.0
63.5
44.0
28.5
26.3
25.5
20.5
14.0
8.0
2.5
0.0
0.0
0.0
0.0
0.0
4.5
8.8
24.8
35.8
56.5
69.0
73.8
83.5
93.0
88.5
74.8
57.0
33.5
29.5
30.8
27.3
16.8
8.8
3.5
0.0
0.0
0.0
0.0
0.0
0.0
0.5
13.3
30.3
36.8
32.3
38.0
48.3
76.3
49.0
35.5
30.8
22.5
24.3
30.8
30.3
22.3
14.3
5.5
0.0
0.0
0.0
0.0
0.0
0.5
25.8
34.3
46.3
72.8
87.0
100.5
118.5
102.5
104.3
89.0
62.3
37.8
32.3
31.5
27.5
17.8
10.0
3.0
0.0
0.0
0.0
0.0
0.0
0.0
1.0
16.5
27.8
48.5
58.5
69.3
96.0
114.5
99.5
83.5
63.0
46.8
44.5
46.0
40.5
30.3
22.3
14.5
4.3
2.3
0.8
0.3
0.0
0.0
1.8
4.8
7.8
7.3
7.0
7.8
12.5
10.8
5.3
2.8
1.8
0.8
1.8
4.5
4.5
2.5
0.8
0.0
0.0
0.0
0.0
0.0
0.0
0.0
-1.8
0.0
0.5
0.3
2.8
3.0
6.0
4.8
1.5
0.3
0.0
0.0
-1.5
-1.3
-1.3
-2.0
-2.5
0.0
0.0
0.0
0.0
0.0
0.0
0.0
-3.3
-2.5
-1.8
-1.0
0.0
0.8
4.8
5.3
0.8
0.0
0.0
0.0
-2.3
-2.5
-2.8
-2.8
-3.0
0.0
0.0
0.0
0.0
0.0
0.0
0.0
-3.3
-2.5
-2.3
-1.0
0.0
0.3
1.3
1.5
0.3
0.0
-0.3
-0.5
-2.8
-3.0
-3.3
-3.3
-3.5
0.0
0.0
0.0
0.0
0.0
0.0
0.0
-3.8
-3.0
3.8
-0.3
0.3
1.3
3.8
5.3
1.5
0.5
0.0
0.0
-2.5
-2.8
-3.0
-3.0
-3.3
0.0
0.0
0.0
0.0
0.0
0.0
0.0
-3.3
-2.0
4.3
6.0
12.3
17.5
35.5
27.5
33.8
29.5
15.8
5.3
4.0
4.5
2.8
0.5
-1.0
0.0
0.0
0.0
0.0
0.0
0.0
0.0
-2.3
-0.5
0.5
3.0
5.0
16.8
36.3
27.0
23.3
22.8
13.5
3.8
1.5
2.3
0.8
-1.3
-2.3
0.0
0.0
0.0
0.0
0.0
0.0
0.0
-3.0
-1.0
0.5
3.0
22.8
22.3
22.8
25.3
32.3
25.3
13.8
4.0
2.5
2.0
0.0
-2.0
-2.8
0.0
0.0
0.0
0.0
0.0
0.0
0.0
-3.0
-2.3
6.8
6.5
11.3
18.5
26.3
31.3
46.5
42.3
25.8
13.8
12.0
11.5
9.5
6.0
3.0
1.0
0.0
0.0
0.0
0.0
0.0
0.0
26.3
28.8
34.5
43.5
43.5
47.0
58.5
65.0
69.5
55.5
38.3
25.5
24.0
24.8
21.3
16.0
12.0
6.0
0.5
0.3
0.0
0.0
0.0
0.0
-0.3
1.8
3.8
8.0
9.0
10.5
18.3
16.0
12.0
9.8
5.5
3.8
6.0
9.8
9.8
6.5
3.8
2.0
0.0
0.0
0.0
0.0
0.0
0.0
-1.5
2.5
9.8
18.5
22.3
31.5
51.8
42.0
31.3
21.8
13.3
7.0
7.8
8.8
6.8
3.5
2.0
1.3
0.0
0.0
0.0
0.0
0.0
0.0
21.0
15.0
37.8
46.8
37.3
25.0
21.8
18.0
10.0
5.5
2.8
1.3
1.0
2.0
0.0
-2.0
-3.0
0.0
0.0
0.0
0.0
0.0
0.0
0.0
20.8
21.8
22.8
27.8
32.0
30.8
39.3
53.0
47.5
39.5
20.5
8.5
5.8
7.0
7.3
5.3
2.8
1.3
0.0
0.0
0.0
0.0
0.0
0.0
-2.0
0.0
2.3
7.0
7.8
10.3
16.0
29.3
13.0
6.0
3.3
2.0
2.3
4.5
4.0
2.0
0.5
0.3
0.0
0.0
0.0
0.0
0.0
0.0
-2.8
-1.3
1.0
15.0
25.0
26.8
35.3
32.3
20.0
9.5
5.3
2.8
3.0
5.5
5.0
3.3
1.3
1.0
0.0
0.0
0.0
0.0
0.0
0.0
-2.8
9.8
1.0
7.8
21.0
22.3
30.3
30.8
24.5
13.5
6.3
2.8
3.0
5.8
5.0
2.5
0.8
0.5
0.0
0.0
0.0
0.0
0.0
0.0
-2.0
1.0
3.0
12.3
27.0
27.5
32.8
31.8
21.5
12.8
4.3
0.0
-1.3
-0.5
-1.3
-2.5
-3.0
0.0
0.0
0.0
0.0
0.0
0.0
0.0
-3.5
1.3
-2.8
-2.3
1.3
1.8
7.8
13.5
13.8
2.8
0.3
-0.5
-3.0
-3.3
-3.5
-3.8
-4.0
0.0
0.0
0.0
0.0
0.0
0.0
0.0
-4.3
-2.3
1.5
5.5
6.5
14.0
19.3
13.3
4.3
2.0
0.5
0.0
-2.5
-2.8
-3.0
-3.3
-3.5
0.0
0.0
0.0
0.0
0.0
0.0
0.0
-3.8
-3.8
5.0
2.3
12.5
11.8
17.0
24.5
25.0
10.3
2.3
0.5
-1.8
-1.5
-2.0
-3.0
-3.3
0.0
0.0
0.0
0.0
0.0
0.0
0.0
3.8
2.8
7.5
9.0
23.0
13.8
27.5
23.0
23.5
16.8
4.5
1.3
-0.5
0.0
-1.3
-2.3
-2.8
0.0
0.0
0.0
0.0
0.0
0.0
0.0
-3.8
-2.5
-1.8
-0.3
1.3
2.0
6.8
6.5
5.3
1.8
0.0
-0.3
-2.3
-2.5
-3.0
-3.3
-3.5
0.0
0.0
0.0
0.0
0.0
0.0
0.0
-4.0
-4.3
-0.8
-0.5
0.8
1.5
1.5
0.8
-0.5
-1.0
-1.3
-1.3
-3.5
-3.8
-4.0
-4.0
-4.3
0.0
0.0
0.0
0.0
0.0
0.0
0.0
-4.3
-5.3
-5.5
-4.8
-0.8
0.5
4.3
4.8
1.8
-0.3
-0.8
-1.3
-3.8
-4.0
-4.0
-4.3
-4.3
0.0
0.0
0.0
0.0
0.0
0.0
0.0
-4.0
-5.8
-5.8
-5.0
-1.5
-1.0
-0.5
-0.5
-0.8
-1.0
-1.3
-1.3
-3.5
-3.8
-3.8
-3.8
-3.8
0.0
0.0
0.0
0.0
0.0
0.0
0.0
-3.8
7.0
2.0
6.0
6.3
7.8
18.5
15.5
14.3
7.3
1.5
0.3
-1.8
-1.8
-2.5
-3.0
-3.3
0.0
0.0
0.0
0.0
0.0
0.0
0.0
2.5
15.5
13.5
10.5
18.5
18.0
21.8
25.8
31.5
18.3
5.3
1.5
-0.3
0.0
-1.0
-2.0
-2.5
0.0
0.0
0.0
0.0
0.0
0.0
0.0
-1.3
6.8
13.8
11.0
19.3
17.8
14.0
9.3
3.8
1.8
0.8
0.3
-1.5
-1.3
-1.8
-2.3
-2.5
0.0
0.0
0.0
0.0
0.0
0.0
0.0
0.0
0.8
11.0
3.5
5.0
6.5
11.3
8.3
3.3
1.0
0.0
-0.5
-2.8
-2.5
-2.8
-3.3
-3.8
0.0
0.0
0.0
0.0
0.0
0.0
0.0
-6.0
17.8
9.0
9.3
10.0
9.0
13.3
12.3
9.3
7.8
0.5
0.0
-2.0
-2.3
-3.0
-3.5
-4.0
0.0
0.0
0.0
0.0
0.0
0.0
0.0
-6.3
-8.3
-0.3
0.3
1.3
1.8
1.3
1.3
0.5
1.0
0.0
0.0
-2.5
-3.0
-3.8
-4.0
-4.3
0.0
0.0
0.0
0.0
0.0
0.0
0.0
-6.0
-8.5
-8.5
-6.0
-1.8
-0.5
0.0
0.0
-0.5
-1.8
-3.0
-3.8
-5.3
-5.8
-6.0
-6.3
-6.8
0.0
0.0
0.0
0.0
0.0
0.0
0.0
-7.8
26.5
-4.5
-2.3
0.5
0.3
-0.3
-0.3
-1.3
-3.0
-4.0
-4.8
-5.5
-5.8
-6.3
-6.5
-6.8
0.0
0.0
0.0
0.0
0.0
0.0
0.0
-8.0
23.3
-7.0
-3.3
0.3
-1.5
1.5
0.0
-1.8
-2.3
-4.3
-5.3
-5.5
-5.8
-5.8
-6.0
-6.3
0.0
0.0
0.0
0.0
0.0
0.0
0.0
-7.5
14.8
-7.3
-4.0
-0.3
0.5
0.0
0.0
-1.0
-2.0
-3.8
-4.5
-5.0
-5.5
-5.8
-6.3
-6.5
0.0
0.0
0.0
0.0
0.0
0.0
0.0
-7.8
22.0
-9.8
-6.0
-2.0
-0.5
-2.0
-2.8
-4.5
-5.5
-6.0
-6.3
-5.8
-5.8
-6.0
-6.3
-6.5
0.0
0.0
0.0
0.0
0.0
0.0
0.0
-7.3
9.8
-9.0
-4.8
-1.8
-0.3
-0.3
0.0
-2.0
-3.3
-4.0
-4.5
-4.8
-5.0
-5.3
-5.3
-5.5
0.0
0.0
0.0
0.0
0.0
0.0
0.0
-6.3
-10.5
-11.3
-9.0
-5.0
-5.3
-5.0
-4.8
-5.5
-6.3
-6.5
-6.5
-5.8
-6.0
-6.0
-6.0
-6.0
0.0
0.0
0.0
0.0
0.0
0.0
0.0
-6.5
-11.3
-9.5
-5.3
-2.0
2.3
0.0
-0.3
-2.0
-3.3
-3.5
-3.5
-4.3
-4.5
-4.8
-5.0
-5.0
0.0
0.0
0.0
0.0
0.0
0.0
0.0
-6.0
35.3
-2.5
-2.3
-0.3
2.0
2.3
1.3
0.0
-1.0
-1.8
-2.3
-3.5
-3.5
-3.8
-4.0
-4.3
0.0
0.0
0.0
0.0
0.0
0.0
0.0
-4.8
-7.8
-7.8
-7.3
-3.5
-3.0
-2.3
-2.5
-3.8
-4.3
-4.8
-5.0
-5.0
-5.3
-5.3
-5.5
-5.5
0.0
0.0
0.0
0.0
0.0
0.0
0.0
-5.8
-9.8
-10.3
-8.3
-4.8
-2.8
-2.8
-2.5
-3.8
-4.5
-5.0
-5.0
-5.0
-5.3
-5.3
-5.5
-5.5
0.0
0.0
0.0
0.0
0.0
0.0
0.0
-6.0
-10.8
-10.5
-10.3
-6.8
-3.3
-3.5
-4.3
-5.0
-6.0
-6.0
-6.3
-5.5
-5.8
-6.0
-6.0
-6.3
0.0
0.0
0.0
0.0
0.0
0.0
0.0
-7.3
32.3
-7.8
-4.0
-0.5
1.3
0.0
0.0
0.5
-0.8
-2.3
-3.3
-4.0
-4.3
-4.8
-5.0
-5.3
0.0
0.0
0.0
0.0
0.0
0.0
0.0
-6.3
-10.5
-10.8
-9.0
-4.3
-2.0
-0.8
0.0
-1.3
-2.8
-3.8
-4.0
-4.8
-5.0
-5.3
-5.5
-5.5
0.0
0.0
0.0
0.0
0.0
0.0
0.0
-5.0
-5.8
-5.0
-6.3
-4.3
0.0
-1.8
-2.5
-3.8
-5.0
-5.8
-6.3
-6.0
-6.3
-6.3
-6.5
-6.5
0.0
0.0
0.0
0.0
0.0
0.0
0.0
-6.8
-11.0
-10.0
-8.8
-3.3
-0.8
1.3
0.0
-1.8
-4.5
-5.3
-6.0
-5.8
-6.0
-6.3
-6.3
-6.5
0.0
0.0
0.0
0.0
0.0
0.0
0.0
-6.3
-11.3
-11.8
-10.5
-6.5
-6.3
-5.5
-5.5
-6.3
-7.0
-7.0
-7.0
-6.0
-6.0
-6.0
-6.0
-6.3
0.0
0.0
0.0
0.0
0.0
0.0
0.0
-6.3
-11.5
-12.3
-11.3
-7.8
-6.5
-5.8
-5.8
-6.8
-7.5
-7.5
-7.5
-6.0
-6.3
-6.3
-6.3
-6.5
0.0
0.0
0.0
0.0
0.0
0.0
0.0
-6.8
-12.5
-14.0
-12.8
-9.0
-8.8
-8.0
-7.5
-7.8
-9.0
-9.0
-9.0
-6.8
-7.0
-7.0
-7.3
-7.3
0.0
0.0
0.0
0.0
0.0
0.0
0.0
-8.0
-10.8
-11.3
-11.8
-4.8
-3.3
-4.0
-5.3
-7.5
-8.8
-9.5
-9.5
-7.0
-7.3
-7.5
-7.5
-7.5
0.0
0.0
0.0
0.0
0.0
0.0
0.0
-7.8
-15.0
-16.3
-15.3
-11.5
-9.3
-6.3
-6.0
-8.5
-9.5
-9.5
-9.8
-7.3
-7.3
-7.5
-7.8
-7.8
0.0
0.0
0.0
0.0
0.0
0.0
0.0
-7.8
-15.3
-17.0
-16.0
-12.8
-10.5
-8.3
-7.8
-10.0
-11.0
-11.5
-11.8
-8.3
-8.5
-9.0
-9.0
-9.0
0.0
0.0
0.0
0.0
0.0
-0.3
-0.3
-8.8
-17.3
-19.3
-18.0
-14.8
-14.0
-12.8
-12.8
-13.8
-14.5
-15.0
-15.0
-10.0
-10.3
-10.5
-10.8
-11.0
-0.8
-2.8
-4.0
-6.3
-7.0
-7.5
-7.3
-15.8
-22.3
-18.5
-14.0
-7.5
-5.3
-6.0
-6.3
-10.0
-12.8
-14.0
-15.3
-11.0
-11.0
-11.8
-13.0
-14.8
-6.8
-11.8
-15.0
-18.0
-18.5
-18.3
-17.8
-24.5
-25.5
-26.8
-23.5
-15.3
-11.3
-12.3
-12.5
-14.8
-16.0
-16.8
-17.0
-11.3
-10.8
-11.3
-11.8
-12.3
-3.8
-7.5
-9.3
-11.8
-12.8
-13.5
-13.0
-18.8
-24.8
-25.5
-23.3
-18.5
-17.8
-16.3
-15.8
-18.0
-19.5
-19.5
-19.5
-12.5
-11.3
-11.0
-11.5
-12.0
-4.3
-8.8
-10.3
-11.8
-12.3
-12.5
-11.8
-17.3
-23.0
-23.3
-20.8
-16.5
-15.3
-13.8
-13.3
-14.8
-15.8
-15.8
-16.0
-11.3
-11.5
-13.5
-16.8
-20.8
-15.3
-23.0
-26.8
-31.5
-34.8
-42.5
-40.5
-45.5
-48.5
-33.8
-22.0
-14.3
-8.5
-6.8
-8.0
-13.3
-17.3
-19.3
-20.5
-15.5
-15.3
-16.3
-18.5
-20.8
-14.8
-23.8
-29.3
-34.8
-38.5
-44.0
-44.5
-49.5
-51.3
-30.8
-23.3
-14.0
-10.0
-8.8
-10.3
-14.3
-19.8
-22.5
-25.0
-19.5
-19.3
-22.0
-25.5
-29.3
-25.3
-37.5
-43.8
-49.3
-52.0
-51.8
-49.0
-54.3
-55.0
-43.5
-34.5
-28.5
-19.0
-15.5
-15.3
-21.0
-22.5
-23.3
-24.0
-16.8
-14.5
-14.0
-14.3
-14.5
-7.5
-14.8
-18.3
-22.8
-25.3
-27.5
-27.5
-31.5
-32.3
-23.0
-17.0
-10.3
-8.8
-6.3
-7.3
-11.3
-15.5
-19.3
-22.8
-18.3
-18.5
-17.5
-17.5
-17.0
-10.3
-16.3
-18.0
-20.8
-21.5
-22.3
-21.3
-24.5
-28.8
-26.5
-23.0
-18.3
-16.8
-15.0
-15.0
-17.0
-20.0
-21.0
-21.5
-14.0
-12.0
-12.5
-13.5
-14.8
-8.5
-16.0
-19.3
-22.3
-23.8
-25.3
-25.5
-30.3
-35.0
-25.5
-18.5
-14.3
-14.3
-13.5
-16.0
-19.8
-22.8
-23.8
-24.3
-15.5
-13.0
-14.0
-16.3
-20.8
-18.3
-25.8
-27.3
-29.3
-29.8
-30.0
-28.0
-30.3
-33.8
-29.8
-22.0
-14.5
-13.5
-13.5
-13.5
-16.5
-28.0
-33.5
-37.8
-29.5
-27.8
-31.0
-37.5
-43.0
-41.3
-54.0
-58.5
-65.0
-69.5
-69.0
-64.5
-66.3
-68.5
-61.0
-50.8
-43.3
-40.5
-37.8
-37.0
-42.5
-45.8
-44.8
-43.3
-30.3
-24.0
-22.8
-25.0
-27.3
-22.8
-31.3
-33.8
-36.3
-36.5
-36.3
-33.5
-35.3
-38.5
-36.0
-32.8
-27.8
-25.5
-22.5
-20.5
-25.3
-28.0
-29.3
-29.8
-20.0
-16.3
-15.8
-17.5
-19.5
-14.8
-23.0
-26.5
-31.8
-33.8
-34.3
-33.5
-37.8
-42.3
-41.3
-37.3
-33.0
-28.3
-28.0
-30.8
-43.0
-52.3
-55.3
-56.0
-46.8
-44.3
-45.0
-47.8
-51.3
-47.0
-60.8
-65.3
-72.0
-76.0
-79.3
-78.5
-83.0
-87.8
-47.0
-35.0
-26.3
-22.0
-18.5
-19.5
-26.8
-33.5
-37.0
-39.3
-32.5
-29.5
-31.0
-37.3
-43.8
-43.5
-58.8
-62.0
-65.0
-63.3
-59.8
-55.3
-56.5
-59.0
-51.5
-46.8
-38.3
-38.3
-35.0
-36.3
-42.3
-45.8
-45.8
-45.8
-34.5
-29.8
-29.5
-31.8
-34.8
-30.3
-41.5
-45.5
-49.8
-51.5
-53.0
-50.8
-52.0
-54.3
-52.0
-46.0
-39.5
-36.3
-32.0
-31.8
-37.5
-41.0
-41.0
-40.8
-29.8
-24.8
-24.3
-26.3
-28.5
-23.8
-34.0
-37.5
-40.5
-40.0
-42.5
-42.0
-43.0
-45.8
-40.5
-34.5
-24.5
-19.3
-15.0
-17.3
-27.0
-37.3
-46.0
-49.3
-42.8
-43.0
-45.3
-53.0
-63.8
-65.5
-85.8
-94.3
-104.5
-111.5
-116.3
-115.0
-116.3
-120.8
-85.5
-67.8
-51.8
-38.5
-24.0
-25.5
-40.0
-51.8
-58.0
-59.3
-47.5
-42.8
-42.8
-46.8
-52.5
-52.3
-72.5
-82.5
-91.5
-95.0
-97.8
-95.8
-95.3
-95.5
-92.0
-87.0
-79.8
-76.8
-69.5
-71.0
-82.8
-89.8
-91.3
-92.3
-77.5
-68.3
-67.0
-71.0
-75.3
-73.8
-92.0
-98.5
-105.0
-106.8
-107.3
-102.8
-99.5
-97.5
-87.3
-78.0
-72.3
-64.0
-60.3
-57.3
-66.3
-72.0
-73.0
-72.8
-56.5
-46.5
-44.3
-47.0
-50.3
-47.0
-64.0
-69.3
-74.5
-78.5
-79.3
-75.0
-72.3
-69.0
-60.5
-50.8
-39.5
-34.3
-28.0
-29.0
-37.8
-46.3
-48.3
-48.5
-35.0
-29.0
-29.8
-33.3
-35.5
-39.0
-65.5
-76.5
-86.5
-91.0
-99.5
-103.3
-106.8
-109.0
-51.5
-38.0
-28.8
-24.3
-20.3
-20.8
-29.8
-38.0
-43.8
-46.0
-36.5
-33.0
-34.8
-41.8
-51.8
-56.8
-78.5
-87.5
-97.8
-105.5
-112.5
-116.0
-119.0
-122.0
-105.0
-84.0
-75.3
-73.5
-71.0
-71.0
-85.3
-93.0
-93.3
-94.0
-76.0
-66.0
-66.3
-72.0
-78.5
-80.8
-100.0
-110.5
-117.3
-121.0
-122.8
-121.5
-119.3
-118.8
-109.5
-102.5
-95.5
-95.3
-87.5
-86.5
-97.0
-102.5
-103.0
-103.0
-84.3
-72.3
-71.0
-74.8
-79.5
-78.5
-97.5
-104.8
-111.3
-113.3
-115.3
-113.3
-111.5
-111.3
-109.5
-106.8
-99.0
-96.3
-91.5
-94.8
-108.8
-117.3
-119.0
-126.5
-118.5
-111.5
-113.5
-117.8
-119.5
-116.0
-131.0
-135.0
-139.3
-141.3
-144.5
-139.0
-132.3
-131.0
-122.5
-113.8
-98.8
-89.0
-83.0
-84.0
-97.0
-104.8
-107.8
-109.3
-93.8
-82.3
-81.0
-84.0
-88.8
-89.3
-108.0
-114.3
-118.3
-118.8
-119.0
-116.3
-114.8
-115.3
-106.0
-88.5
-84.3
-85.3
-83.5
-86.3
-97.5
-104.0
-104.3
-103.5
-86.0
-73.8
-70.8
-71.0
-70.8
-65.0
-79.0
-81.8
-85.3
-84.3
-84.3
-79.0
-72.8
-70.3
-60.5
-57.0
-46.0
-41.3
-36.0
-39.8
-53.0
-63.0
-67.5
-73.0
-61.0
-56.5
-59.8
-65.8
-69.3
-65.5
-81.0
-84.0
-88.5
-90.3
-92.3
-89.8
-85.0
-80.8
-66.0
-55.0
-44.5
-42.0
-42.3
-45.3
-55.8
-62.3
-61.3
-60.3
-44.3
-35.0
-33.0
-35.5
-38.8
-38.0
-56.0
-61.0
-67.3
-69.5
-72.0
-70.8
-70.0
-71.0
-36.0
-26.3
-18.0
-18.3
-13.8
-14.3
-24.0
-32.0
-36.5
-40.5
-32.3
-30.8
-35.0
-41.5
-48.0
-53.0
-75.8
-85.8
-97.0
-101.8
-104.3
-100.0
-96.5
-93.5
-83.3
-71.3
-59.5
-47.8
-46.0
-47.8
-58.8
-66.3
-66.5
-65.3
-49.5
-39.8
-36.0
-34.0
-31.8
-24.3
-35.5
-37.0
-41.5
-41.5
-41.8
-38.0
-33.3
-31.3
-30.3
-28.0
-23.3
-21.5
-19.8
-19.3
-24.8
-27.8
-27.8
-27.3
-16.5
-12.8
-12.3
-13.3
-14.8
-10.5
-22.5
-26.5
-31.8
-33.8
-35.5
-32.3
-30.0
-30.3
-29.3
-26.3
-21.0
-20.0
-17.8
-16.8
-21.8
-25.3
-27.5
-29.8
-20.3
-15.8
-15.0
-15.5
-17.8
-15.8
-31.5
-40.5
-50.8
-55.8
-57.5
-54.0
-49.3
-46.5
-39.5
-35.5
-28.5
-26.8
-24.3
-26.0
-37.3
-46.3
-50.3
-50.8
-37.3
-31.5
-33.0
-40.5
-49.3
-51.8
-74.0
-84.5
-93.8
-98.0
-102.3
-101.0
-96.8
-94.8
-54.0
-34.5
-28.3
-24.8
-21.5
-22.5
-34.3
-43.8
-48.5
-51.5
-44.3
-42.0
-43.5
-49.0
-57.5
-60.8
-84.3
-98.8
-114.0
-120.3
-124.8
-126.5
-128.3
-122.8
-78.0
-49.3
-41.8
-35.5
-31.8
-32.0
-45.0
-54.5
-59.0
-60.0
-50.3
-46.3
-45.8
-48.3
-53.0
-50.3
-66.3
-73.5
-84.5
-87.8
-91.5
-90.8
-89.0
-86.8
-82.3
-77.3
-75.8
-77.0
-70.8
-65.8
-70.5
-78.3
-79.5
-81.8
-67.8
-60.0
-55.5
-60.0
-64.8
-64.5
-87.3
-96.5
-103.5
-105.0
-109.8
-108.0
-105.8
-106.0
-64.8
-44.5
-37.3
-32.5
-34.0
-40.0
-51.8
-59.0
-60.8
-61.8
-50.0
-44.3
-44.0
-46.8
-50.5
-49.5
-70.5
-80.3
-88.8
-92.0
-95.8
-93.5
-90.8
-89.5
-80.3
-68.0
-50.3
-36.8
-35.5
-43.0
-59.5
-72.3
-79.3
-84.0
-71.5
-64.0
-61.3
-63.0
-65.8
-61.8
-80.5
-88.5
-94.5
-95.0
-95.5
-91.3
-85.5
-82.5
-67.8
-45.5
-30.3
-28.0
-24.0
-25.8
-37.0
-45.8
-49.5
-53.3
-41.0
-34.8
-36.0
-41.5
-48.0
-48.5
-68.8
-76.3
-83.5
-85.8
-88.3
-84.5
-80.5
-78.5
-73.3
-67.0
-52.5
-54.0
-41.0
-42.0
-64.3
-79.0
-84.5
-87.3
-72.3
-65.3
-66.5
-72.0
-77.5
-76.8
-95.8
-101.5
-107.5
-109.0
-110.8
-109.8
-107.0
-105.8
-100.3
-91.5
-84.0
-78.3
-74.8
-77.8
-91.3
-98.5
-99.3
-99.3
-83.3
-73.5
-70.5
-74.5
-79.8
-79.0
-98.8
-105.8
-113.5
-116.5
-118.0
-116.0
-115.5
-116.3
-107.3
-95.3
-88.8
-85.5
-78.3
-81.0
-92.5
-101.8
-102.0
-102.0
-87.0
-77.5
-82.0
-88.8
-97.5
-99.3
-118.5
-125.5
-131.5
-133.0
-132.5
-126.8
-121.8
-119.3
-109.5
-106.3
-96.3
-82.8
-84.3
-84.3
-100.8
-112.3
-120.0
-128.3
-111.3
-102.8
-107.8
-116.5
-123.8
-127.8
-149.8
-156.3
-165.0
-168.5
-167.8
-165.3
-161.5
-160.3
-154.5
-148.3
-142.0
-139.0
-132.3
-133.0
-143.8
-148.3
-148.3
-148.5
-132.3
-121.3
-120.0
-124.3
-130.3
-129.5
-147.8
-155.5
-162.8
-166.3
-169.0
-166.5
-164.5
-164.0
-154.5
-153.5
-146.8
-142.3
-136.8
-136.3
-146.0
-153.0
-154.3
-154.5
-137.5
-125.3
-123.0
-125.3
-127.5
-124.3
-139.8
-144.0
-148.8
-149.5
-150.3
-146.8
-144.5
-143.0
-139.3
-136.0
-128.3
-125.0
-118.3
-116.5
-126.5
-132.0
-132.0
-131.8
-114.8
-102.8
-100.8
-107.5
-121.0
-133.5
-165.8
-187.3
-201.8
-209.0
-218.5
-218.8
-210.0
-201.8
-187.0
-173.3
-152.0
-142.5
-128.3
-126.8
-138.8
-145.8
-146.0
-145.3
-128.5
-117.0
-115.5
-119.3
-123.8
-122.8
-140.5
-147.5
-154.5
-156.5
-159.3
-157.8
-156.3
-156.3
-151.3
-142.3
-131.8
-127.0
-123.0
-123.8
-134.8
-141.3
-142.0
-141.0
-124.3
-112.8
-110.8
-113.8
-117.3
-115.0
-131.8
-137.5
-143.0
-144.0
-144.8
-140.8
-137.3
-135.8
-132.8
-130.8
-126.8
-125.5
-120.3
-120.0
-130.0
-134.5
-133.5
-133.5
-117.0
-105.0
-103.8
-107.5
-113.3
-114.8
-133.8
-140.5
-146.0
-147.8
-150.3
-148.8
-147.3
-146.3
-140.0
-134.8
-121.5
-78.3
-89.3
-98.0
-113.8
-122.5
-123.5
-124.5
-108.8
-97.8
-98.3
-104.3
-113.8
-116.3
-132.8
-138.0
-144.5
-145.5
-145.5
-141.5
-139.0
-139.5
-135.8
-129.8
-119.3
-117.5
-110.8
-111.3
-122.0
-127.8
-128.5
-128.3
-112.0
-101.5
-101.5
-106.0
-112.8
-117.3